Name	Field	Freq.	Km	L	F	P	Pj	T	U	K1dec	K1inc	K2dec	K2inc	K3dec	K3inc	K11	K22	K33	K12	K23	K13
AME18_015__C2	423	F1	1120.467	1.035	1.11	1.148	1.155	0.507	0.481	258.9	48.7	149.1	16.6	46.3	36.5	0.99132	1.00252	1.00616	-0.02967	-0.05212	-0.03669
AME18_015_C3	423	F1	303.2457	1.033	1.12	1.157	1.165	0.559	0.534	262.3	50.6	145.2	20.5	41.7	31.9	0.98158	1.0037	1.01471	-0.03755	-0.04909	-0.03909
AME18_111A_A	423	F1	1451.314	1.058	1.15	1.217	1.224	0.424	0.383	208.9	59	113.7	3.1	21.9	30.8	0.95196	1.01464	1.03339	-0.02738	-0.03459	-0.07751
AME18_111A_B	423	F1	1422.763	1.028	1.097	1.127	1.134	0.544	0.522	219.3	61.4	119.5	5.3	26.7	28	0.9684	1.00908	1.02252	-0.02501	-0.02436	-0.04266
AME18_111A_C	423	F1	1262.978	1.048	1.118	1.172	1.177	0.405	0.371	205.6	59.8	113.2	1.4	22.4	30.2	0.96087	1.01005	1.02908	-0.02351	-0.02717	-0.06266
AME18_111A_C	423	F1	1207.981	1.04	1.118	1.162	1.169	0.481	0.452	227.5	60.2	121.6	8.9	26.7	28.2	0.96029	1.01087	1.02884	-0.02857	-0.03309	-0.05186
AME18_111A_D	423	F1	1343.245	1.048	1.141	1.196	1.204	0.475	0.44	214.7	55.6	116.6	5.5	22.8	33.8	0.96209	1.01776	1.02015	-0.02397	-0.03586	-0.07301
AME18_111A_E	423	F1	1079.899	1.036	1.118	1.158	1.166	0.522	0.495	217.1	53.9	113	10	16.1	34.3	0.96376	1.02281	1.01342	-0.0136	-0.02447	-0.06229
AME18_127B_C	423	F1	102.5595	1.034	1.055	1.091	1.091	0.225	0.205	0.9	50.2	120	22.1	224.2	31.2	1.00044	0.98736	1.0122	-0.01883	0.01636	0.03345
AME18_127B_C	423	F1	111.5565	1.031	1.058	1.09	1.092	0.303	0.283	7.2	51.6	122.2	18.6	224.5	32.2	0.99972	0.98891	1.01137	-0.0183	0.01935	0.03274
AME18_128A_A	423	F1	2082.612	1.262	1.032	1.303	1.335	-0.76	-0.787	324.7	57.3	57.1	1.5	148.1	32.7	0.96113	0.94654	1.09233	-0.02427	-0.07082	0.10144
AME18_128A_B	423	F1	1677.917	1.295	1.017	1.317	1.362	-0.878	-0.893	321	57.6	66.2	9.5	161.9	30.7	0.95166	0.94478	1.10355	-0.03466	-0.0791	0.10135
AME18_128A_B	423	F1	1197.935	1.268	1.046	1.326	1.355	-0.684	-0.721	322.3	56.1	222	6.8	127.6	33	0.96822	0.94143	1.09034	-0.02375	-0.08536	0.10266
AME18_128A_C	423	F1	4234.588	1.26	1.047	1.318	1.345	-0.67	-0.707	327.2	53.3	58.4	0.9	149.1	36.7	0.97464	0.95158	1.07379	-0.02771	-0.07319	0.11468
AME18_128A_C	423	F1	6955.702	1.196	1.017	1.216	1.243	-0.831	-0.846	333.3	57.1	82.1	11.8	179.1	30.2	0.97554	0.95446	1.07	-0.02178	-0.03807	0.08226
AME18_128A_C	423	F1	5967.63	1.215	1.032	1.254	1.278	-0.72	-0.746	333.7	54.4	82.9	13.3	181.5	32.4	0.9766	0.95578	1.06762	-0.02787	-0.04212	0.09926
AME18_131A_A	423	F1	218.6274	1.038	1.033	1.073	1.073	-0.07	-0.088	32.3	27.4	122.5	0.5	213.4	62.6	1.01475	1.00448	0.98076	0.01049	0.01562	0.02422
AME18_131A_A	423	F1	161.2984	1.044	1.032	1.078	1.078	-0.162	-0.18	29.9	24.8	122.7	6.1	225.5	64.4	1.0201	1.0016	0.97829	0.01287	0.01696	0.02305
AME18_131A_C	423	F1	142.3209	1.052	1.044	1.098	1.098	-0.082	-0.106	23.8	27.4	121.9	15.1	237.6	58.1	1.02758	0.99503	0.97738	0.00983	0.02446	0.02949
AME18_131A_C	423	F1	102.0681	1.042	1.029	1.072	1.073	-0.177	-0.194	26.1	26.4	293.9	4.5	195	63.1	1.0171	1.00159	0.98131	0.0118	0.01028	0.02592
AME18_131A_B	423	F1	187.5972	1.044	1.037	1.083	1.083	-0.077	-0.097	28.1	26.7	121.2	6.2	223.2	62.4	1.02049	1.00153	0.97798	0.01063	0.0184	0.02628
AME18_131A_D	423	F1	200.0597	1.045	1.046	1.093	1.093	0.016	-0.007	25.1	29.7	121.2	10.4	228.4	58.2	1.02207	0.99903	0.9789	0.00689	0.02295	0.03053
AME18_131A_D	423	F1	201.3799	1.032	1.047	1.081	1.082	0.185	0.166	35.3	23.7	127.7	5.5	229.9	65.6	1.01922	1.00884	0.97194	0.00901	0.02001	0.02077
AME18_131A_D	423	F1	194.2632	1.028	1.029	1.058	1.058	0.015	0.001	29.6	25.6	123.8	8.6	230.9	62.8	1.01503	1.00207	0.9829	0.00699	0.01438	0.01683
AME18_131A_D	423	F1	142.4955	1.026	1.03	1.056	1.056	0.073	0.059	21.8	25.5	114.3	5.4	215.5	63.9	1.01542	1.00207	0.98252	0.00456	0.01032	0.01855
AME18_131A_E	423	F1	158.5661	1.053	1.035	1.089	1.09	-0.205	-0.226	24.6	28.1	120.2	10.4	228.5	59.8	1.02362	0.99594	0.98044	0.01129	0.01987	0.02935
AME18_131A_E	423	F1	211.5912	1.035	1.047	1.083	1.084	0.148	0.128	31.9	25.5	124.2	4.9	224.3	64	1.0194	1.00709	0.9735	0.00838	0.01955	0.02418
AME18_139B_A	423	F1	6014.926	1.149	1.109	1.273	1.274	-0.146	-0.205	195.6	67	53.4	18.5	318.9	13.1	0.95216	0.94562	1.10221	0.05102	-0.00008	-0.0667
AME18_139B_A	423	F1	6549.721	1.113	1.131	1.259	1.259	0.072	0.015	214.9	61	51.2	28	317.5	6.9	0.95667	0.95762	1.0857	0.06943	-0.01798	-0.04938
AME18_139B_B	423	F1	3620.376	1.107	1.04	1.15	1.156	-0.445	-0.473	257.4	83.6	35.3	4.8	125.6	4.3	0.96518	0.95443	1.08039	0.01782	-0.01356	-0.00091
AME18_139B_B	423	F1	5545.578	1.119	1.089	1.218	1.219	-0.135	-0.183	217	73.4	41.1	16.6	310.7	1.1	0.95959	0.94493	1.09547	0.04462	-0.01811	-0.02669
AME18_139B_B	423	F1	4922.323	1.135	1.061	1.204	1.208	-0.365	-0.405	212	77.9	48.8	11.5	318.1	3.4	0.9481	0.95166	1.10024	0.03015	-0.012	-0.02522
AME18_139B_C	423	F1	3746.803	1.157	1.051	1.215	1.225	-0.493	-0.53	223.9	63.4	3.7	20.9	99.9	15.6	0.97956	0.93777	1.08267	0.02239	-0.05381	-0.04154
AME18_139B_C	423	F1	6400.393	1.234	1.117	1.379	1.386	-0.309	-0.381	212.5	63.7	43	26	311	4.2	0.94707	0.91436	1.13857	0.06969	-0.04251	-0.08014
AME18_147B_B	423	F1	2184	1.085	1.05	1.139	1.141	-0.257	-0.287	9.6	83.9	147.3	4.5	237.6	4.1	0.97513	0.95444	1.07043	-0.02081	0.00428	0.01054
AME18_147B_C	423	F1	1781.203	1.17	1.053	1.232	1.243	-0.507	-0.545	140	83.1	7.4	4.7	277	5.1	0.96225	0.91544	1.12231	0.0046	0.01677	-0.01551
AME18_147B_D	423	F1	1665.735	1.17	1.036	1.212	1.227	-0.634	-0.662	331.8	84.2	215.9	2.5	125.7	5.2	0.94688	0.93549	1.11763	0.01485	-0.01014	0.0161
AME18_147B_D	423	F1	1588.444	1.12	1.066	1.193	1.196	-0.281	-0.322	298.4	84.3	45.8	1.7	136	5.4	0.95026	0.9529	1.09684	0.02942	-0.0141	0.00956
AME18_147B_E	423	F1	1250.068	1.185	1.027	1.217	1.238	-0.726	-0.748	17.8	84	208.7	5.9	118.6	1.1	0.94587	0.9306	1.12352	0.01119	0.00518	0.01772
AME18_147B_F	423	F1	820.2696	1.121	1.03	1.155	1.165	-0.586	-0.609	31.8	84.3	225.6	5.6	135.4	1.4	0.95666	0.95658	1.08676	0.0148	0.00566	0.01039
AME18_147B_F	423	F1	743.796	1.162	1.021	1.187	1.206	-0.754	-0.772	357.8	84.8	185.7	5.1	95.7	0.7	0.9561	0.93525	1.10865	0.00191	-0.00079	0.01399
AME18_148B_B	423	F1	3809.816	1.694	1.258	2.131	2.173	-0.394	-0.544	223.3	71.4	58.3	18	326.8	4.5	0.7695	0.83582	1.39468	0.11065	-0.11631	-0.1432
AME18_148B_B	423	F1	3607.375	1.161	1.401	1.627	1.646	0.387	0.281	124.6	67.6	227.5	5.2	319.6	21.7	0.90203	0.95166	1.14631	0.11599	0.11518	-0.11175
AME18_148B_B	423	F1	9220.983	1.398	1.32	1.846	1.847	-0.093	-0.242	200.7	64.9	46.4	22.9	312.3	9.8	0.90889	0.8367	1.25441	0.13407	-0.02291	-0.1617
AME18_148B_C	423	F1	14132.04	1.3	1.17	1.521	1.528	-0.252	-0.348	203.7	71.1	81.1	10.4	348.2	15.6	0.8532	0.95033	1.19647	0.03673	-0.02773	-0.11494
AME18_148B_D	423	F1	6149.241	1.743	1.14	1.988	2.074	-0.618	-0.716	163.6	70.7	21.6	15.4	288.5	11.3	0.88074	0.74587	1.37339	0.01125	0.07282	-0.19031
AME18_197A_A	423	F1	2002.071	1.074	1.106	1.188	1.189	0.171	0.129	206.5	77.3	332.4	7.5	63.7	10.2	0.99194	0.9329	1.07516	-0.03566	-0.02217	-0.02173
AME18_197A_A	423	F1	1429.766	1.08	1.105	1.193	1.194	0.128	0.084	332.1	79.1	160.8	10.7	70.5	1.6	0.99656	0.92105	1.0824	-0.03111	-0.00945	0.01227
AME18_197A_B	423	F1	1941.284	1.057	1.105	1.167	1.17	0.286	0.251	309.7	67.4	146.1	21.7	53.8	5.8	0.98314	0.95606	1.06081	-0.04939	-0.0234	0.00733
AME18_197A_C	423	F1	1476.548	1.114	1.071	1.193	1.195	-0.22	-0.262	316.3	58.5	154.5	30.2	59.8	8.1	0.9842	0.95121	1.06459	-0.04319	-0.04242	0.03143
AME18_197A_C	423	F1	2812.509	1.143	1.104	1.262	1.263	-0.151	-0.208	309.7	85.8	162.3	3.5	72.2	2.3	0.97545	0.90048	1.12406	-0.02731	-0.0114	0.00547
AME18_197B_B	423	F1	3440.486	1.111	1.1	1.222	1.222	-0.048	-0.098	306.1	48.7	165.8	34	61.3	20.5	0.99171	0.96367	1.04461	-0.05627	-0.07008	0.01788
AME18_197B_C	423	F1	2138.822	1.036	1.16	1.202	1.216	0.615	0.586	321.5	61.2	129.4	28.3	222.2	5.1	0.96257	0.97465	1.06278	-0.07485	-0.00132	0.02174
AME18_197B_D	423	F1	2961.607	1.074	1.079	1.159	1.159	0.031	-0.006	292.6	53.2	130.1	35.5	34	8.4	0.95446	0.99995	1.04559	-0.04269	-0.03874	0.00487
AME18_197B_D	423	F1	3312.349	1.101	1.102	1.213	1.213	0.004	-0.044	328.7	55	148.7	35	58.7	0	0.99646	0.9387	1.06484	-0.05565	-0.02463	0.04045
AME18_248A_B	423	F1	234.3439	1.078	1.023	1.103	1.108	-0.531	-0.549	81.6	83.9	302.2	4.6	211.9	4	0.96596	0.9766	1.05744	-0.00982	0.0088	0.00248
AME18_248A_B	423	F1	257.9266	1.081	1.001	1.082	1.095	-0.972	-0.973	16.3	84.2	194.8	5.8	284.8	0.2	0.97465	0.97303	1.05232	0.00048	0.00224	0.00763
AME18_248A_B	423	F1	349.761	1.093	1.033	1.129	1.134	-0.461	-0.484	289.5	86.8	192.6	0.4	102.6	3.2	0.97872	0.95043	1.07085	0.00663	-0.00649	0.00208
AME18_250A_A	423	F1	61.36007	1.037	1.044	1.083	1.083	0.081	0.061	271.4	78.6	120.6	10	29.7	5.5	0.9701	0.99286	1.03704	-0.01798	-0.00921	-0.0033
AME18_250A_A	423	F1	59.0663	1.042	1.025	1.069	1.07	-0.247	-0.263	245.1	82.3	126.5	3.7	36.1	6.7	0.9784	0.98634	1.03527	-0.01128	-0.00678	-0.00469
AME18_250A_A	423	F1	47.43957	1.037	1.033	1.071	1.071	-0.069	-0.086	239	85	130.4	1.6	40.3	4.8	0.9799	0.98515	1.03495	-0.01531	-0.0045	-0.00368
AME18_250A_B	423	F1	70.16439	1.036	1.031	1.069	1.069	-0.071	-0.087	268.1	80.1	131.9	7.2	41.1	6.8	0.98108	0.98621	1.03271	-0.01478	-0.00843	-0.00287
AME18_284A_A	423	F1	8175.826	1.06	1.024	1.086	1.088	-0.418	-0.435	186.5	61.6	39	24.5	302.7	13.4	0.99482	0.97257	1.03261	0.01153	0.00163	-0.02748
AME18_284A_A	423	F1	6033.119	1.05	1.039	1.091	1.091	-0.114	-0.136	152.9	73	15	12.8	282.5	11.1	0.99773	0.96241	1.03986	0.00594	0.01323	-0.01386
AME18_284A_B	423	F1	6644.777	1.025	1.029	1.054	1.055	0.061	0.048	134.4	50.8	340.1	36.3	240.5	12.8	0.99938	0.98599	1.01463	-0.01637	0.01406	-0.0057
AME18_284A_B	423	F1	5154.471	1.032	1.021	1.054	1.054	-0.214	-0.227	137	79.1	356.9	8.4	265.9	6.9	0.99654	0.97664	1.02683	-0.00202	0.00652	-0.00421
AME18_284A_B	423	F1	5608.351	1.017	1.036	1.053	1.055	0.355	0.344	50	68.3	186.5	16.1	280.6	14.2	1.00579	0.97562	1.01858	0.00709	0.01261	0.00224
AME18_284A_C	423	F1	6440.652	1.04	1.055	1.097	1.098	0.152	0.129	210	67.4	26.6	22.6	117.1	1.2	0.9976	0.96409	1.03831	0.02381	-0.00813	-0.01191
AME18_284A_C	423	F1	6597.302	1.044	1.074	1.121	1.123	0.254	0.227	196.3	64.5	24.8	25.2	293.3	3.3	1.00524	0.95052	1.04424	0.02746	-0.00107	-0.01798
AME18_284A_C	423	F1	6521.044	1.029	1.029	1.059	1.059	-0.005	-0.02	164.1	76.3	12.9	12.1	281.5	6.4	1.00004	0.97319	1.02677	0.00498	0.00488	-0.00707
AME18_284A_D	423	F1	5029.939	1.029	1.032	1.062	1.062	0.054	0.039	177.4	70.9	342.1	18.5	73.7	4.7	1.00141	0.97223	1.02636	-0.0085	-0.00202	-0.00963
AME18_284A_D	423	F1	9715.638	1.096	1.059	1.16	1.162	-0.227	-0.262	131.5	58.5	227.5	3.7	319.8	31.2	0.97472	0.98454	1.04074	0.0071	0.04725	-0.04652
AME18_287B_A	423	F1	3422.484	1.016	1.064	1.081	1.086	0.595	0.583	316.5	71.7	178.7	13.8	85.7	11.8	1.01552	0.95753	1.02696	-0.00517	-0.01556	0.00257
AME18_287B_A	423	F1	3499.393	1.011	1.061	1.073	1.079	0.696	0.687	263.3	70.6	358	1.6	88.5	19.3	1.0159	0.96488	1.01922	-0.00121	-0.02168	-0.00087
AME18_287B_B	423	F1	4410.651	1.009	1.06	1.07	1.076	0.724	0.716	269.4	63.7	0.5	0.5	90.7	26.3	1.01589	0.97182	1.01228	0.00059	-0.02648	0.00024
AME18_287B_B	423	F1	4311.819	1.012	1.063	1.075	1.081	0.676	0.666	356	33.9	198.9	53.9	93.5	10.9	1.02393	0.95856	1.01751	0.00297	-0.01151	0.00622
AME18_287B_C	423	F1	3675.323	1.008	1.083	1.091	1.101	0.817	0.81	297.9	71.1	183.5	8	91.1	17	1.02343	0.95261	1.02396	0.00096	-0.02398	0.00157
AME18_287B_D	423	F1	3487.488	1.017	1.047	1.065	1.068	0.453	0.44	341.9	51.3	204.3	30.6	101	21.3	1.01403	0.97199	1.01398	0.00533	-0.01771	0.01109
AME18_287B_D	423	F1	3709.199	1.021	1.059	1.082	1.085	0.465	0.45	339.8	39.6	205.1	40.4	92.1	24.6	1.02298	0.9664	1.01062	-0.00243	-0.02516	0.01072
AME18_287B_E	423	F1	4113.919	1.008	1.077	1.085	1.095	0.806	0.798	183.6	20.2	304.8	54.7	82.5	27.7	1.02778	0.96541	1.00682	-0.00695	-0.02989	-0.00656
AME18_287B_E	423	F1	4587.354	1.004	1.07	1.073	1.083	0.9	0.896	349.4	0.2	259.1	59.4	79.5	30.6	1.0228	0.97346	1.00374	-0.00951	-0.02862	-0.00531
AME16003_A1	423	F1	1671.603	1.113	1.093	1.216	1.216	-0.091	-0.14	182.5	54.7	15.2	34.6	281	6	1.02502	0.91064	1.06434	0.01722	0.00633	-0.05426
AME16003_A2	423	F1	1879.232	1.147	1.071	1.228	1.233	-0.33	-0.375	185.8	55.2	9.8	34.7	278.5	1.9	1.0186	0.9111	1.0703	0.01412	-0.00459	-0.0669
AME16003_B1	423	F1	1550.53	1.112	1.062	1.181	1.184	-0.274	-0.313	189.8	60.8	0	28.9	92.3	4.2	1.0079	0.9261	1.066	0.00674	-0.01215	-0.046
AME16003_C1	423	F1	2461.95	1.232	1.04	1.282	1.306	-0.68	-0.713	151.1	57.6	310.1	30.6	45.8	9.5	0.97013	0.93591	1.09396	-0.04423	0.04341	-0.09041
AME16004_A1	423	F1	795.6294	1.125	1.062	1.196	1.199	-0.322	-0.361	208.4	52.6	16.2	36.7	110.6	5.9	1.00622	0.93865	1.05513	0.03759	-0.03358	-0.04994
AME16004_A2	423	F1	950.5151	1.116	1.095	1.222	1.222	-0.093	-0.142	205.4	62.6	19.8	27.3	111	2.3	0.99926	0.92012	1.08062	0.03803	-0.02328	-0.04096
AME16004_B1	423	F1	962.3508	1.1	1.1	1.21	1.21	-0.001	-0.049	204.5	56.2	25.5	33.8	295.2	0.5	1.00615	0.92804	1.06581	0.04659	-0.01841	-0.04241
AME16004_C1	423	F1	937.2	1.069	1.074	1.148	1.148	0.036	0.002	206	47.6	23.7	42.4	114.7	1.1	1.01324	0.94923	1.03753	0.03849	-0.01619	-0.03018
AME16004_D1	423	F1	1586.279	1.107	1.098	1.216	1.216	-0.043	-0.092	194.7	62.8	13.1	27.2	103.4	0.7	1.01016	0.91142	1.07841	0.0255	-0.01199	-0.04181
AME16029_A1	423	F1	288.6545	1.022	1.015	1.037	1.038	-0.184	-0.192	249.9	15.3	346.7	23.4	129.6	61.6	0.99868	1.01362	0.9877	0.00822	-0.01001	0.00205
AME16029_B1	423	F1	378.2269	1.03	1.043	1.075	1.075	0.177	0.16	247.4	30.2	343.6	10.5	90.6	57.7	1.00714	1.01111	0.98175	0.00812	-0.0309	-0.00482
AME16029_C1	423	F1	371.1714	1.021	1.053	1.075	1.077	0.433	0.419	46.1	8.4	312.7	21.9	155.8	66.4	1.01305	1.01924	0.96771	0.01326	-0.00548	0.01914
AME16029_C2	423	F1	348.0758	1.015	1.026	1.041	1.042	0.247	0.238	263.6	20.2	172.1	4	71.3	69.3	1.00306	1.01384	0.9831	0.00056	-0.01284	-0.00322
AME16029_D1	423	F1	354.0374	1.027	1.037	1.065	1.065	0.145	0.129	254.6	13.2	352.7	31.1	144.6	55.6	0.99704	1.02299	0.97998	0.01198	-0.01541	0.01185
AME16030_A1	423	F1	246.056	1.025	1.039	1.065	1.065	0.218	0.203	276.1	30	16	16.5	131	54.9	0.9991	1.01565	0.98525	0.00419	-0.02411	0.01277
AME16030_B1	423	F1	234.7517	1.024	1.043	1.068	1.069	0.287	0.272	271	19.1	8.5	20.8	142	61.1	0.99991	1.02361	0.97648	0.00438	-0.0183	0.01406
AME16030_C1	423	F1	219.6524	1.013	1.072	1.086	1.093	0.68	0.669	274.2	32.8	18.3	20.6	134.7	49.7	1.00416	1.01332	0.98252	0.01353	-0.03002	0.0241
AME16030_D1	423	F1	203.9919	1.031	1.052	1.084	1.085	0.243	0.224	252.5	14.8	347.3	17.7	125	66.6	1.00611	1.02737	0.96652	0.01204	-0.0221	0.00799
AME16031_A1	423	F1	30.78382	1.038	1.033	1.073	1.073	-0.066	-0.083	202.3	65.9	21.9	24.1	112	0.2	0.99899	0.97116	1.02985	0.01346	-0.00551	-0.01315
AME16031_B1	423	F1	11.50369	1.011	1.629	1.647	1.768	0.954	0.943	301.6	52.5	205	5	111.2	37.1	1.10715	0.90229	0.99056	0.0926	-0.20309	0.08013
AME16031_C1	423	F1	5.169956	1.071	1.087	1.164	1.164	0.101	0.064	228	41.5	130.3	8.6	30.9	47.2	0.99361	1.0153	0.9911	0.00334	-0.04666	-0.05792
AME16031_D1	423	F1	2.370727	1.097	1.65	1.81	1.893	0.688	0.605	358.5	0.5	246.1	88.7	88.6	1.2	1.21714	0.6732	1.10966	-0.01378	-0.00914	0.0007
AME16032_A1	423	F1	1328.709	1.037	1.044	1.082	1.082	0.078	0.059	287.9	37.4	170.1	31.4	52.9	36.8	0.99399	1.00572	1.00028	-0.0198	-0.03309	-0.00658
AME16032_B1	423	F1	1278.85	1.031	1.042	1.075	1.075	0.149	0.131	299.1	33	173.3	42	51.5	30.4	0.99659	1.00138	1.00202	-0.02423	-0.02647	-0.00412
AME16032_C1	423	F1	761.6387	1.091	1.026	1.119	1.125	-0.549	-0.568	333.2	48	107	31.9	213.2	24.2	0.99593	0.98043	1.02364	-0.02542	-0.01497	0.04729
AME16032_D1	423	F1	877.3803	1.02	1.04	1.06	1.061	0.327	0.314	111.4	7.9	203.5	14.4	353.6	73.5	1.00568	1.02306	0.97127	-0.00632	0.00368	-0.01134
AME16033_A1	423	F1	1027.46	1.021	1.058	1.08	1.083	0.458	0.443	78	64.4	309.6	16.6	213.7	18.9	0.97731	0.99985	1.02284	-0.022	0.01748	0.01576
AME16033_B1	423	F1	954.3009	1.053	1.07	1.126	1.127	0.129	0.1	208.7	76.7	80.2	8.4	348.7	10.3	0.94537	1.00216	1.05246	0.01338	-0.00349	-0.02174
AME16033_C1	423	F1	216.4858	1.119	1.109	1.241	1.241	-0.041	-0.095	303.9	47.2	82.8	35	188.8	21.5	0.92748	1.02882	1.0437	-0.03806	-0.04386	0.06572
AME16033_E1	423	F1	1731.178	1.072	1.039	1.114	1.116	-0.286	-0.311	340.3	57	121.1	26.7	220.4	17.9	0.98781	0.97687	1.03532	-0.02347	-0.00388	0.03901
AME16033_F1	423	F1	1217.98	1.05	1.027	1.078	1.079	-0.293	-0.31	354.3	74.3	263.4	0.3	173.3	15.7	0.9721	0.99195	1.03595	0.00243	-0.00206	0.01952
AME16034_A1	423	F1	1081.33	1.029	1.073	1.105	1.108	0.418	0.397	297.4	75.4	136.1	13.9	45	4.5	0.97914	0.98018	1.04067	-0.03519	-0.01033	-0.00048
AME16034_A2	423	F1	956.9451	1.021	1.074	1.096	1.101	0.551	0.535	319.3	44.1	129.7	45.5	224.6	4.8	0.98735	0.98662	1.02603	-0.04015	-0.00281	0.0122
AME16034_A3	423	F1	988.0561	1.026	1.044	1.072	1.073	0.253	0.237	253.6	81.2	120.5	6	29.9	6.4	0.97371	0.99555	1.03074	-0.01809	-0.0062	-0.00524
AME16034_B1	423	F1	1120.604	1.025	1.046	1.072	1.073	0.303	0.287	133.1	50.6	288.7	36.8	27.9	12.1	0.97794	1.00258	1.01948	-0.02264	0.00458	-0.01637
AME16034_B2	423	F1	1150.369	1.033	1.044	1.078	1.078	0.144	0.125	286.9	27.6	128.2	60.7	21.7	9.1	0.96985	1.02106	1.00909	-0.02122	-0.01528	-0.00221
AME16035_A1	423	F1	1897.794	1.01	1.066	1.076	1.083	0.736	0.727	197.1	47.6	79.9	22.6	333.9	33.6	0.98659	1.0096	1.00381	0.01851	0.01131	-0.03077
AME16035_B1	423	F1	2938.302	1.052	1.025	1.078	1.08	-0.349	-0.365	259	57.7	129.2	22	29.7	22.4	0.9759	0.99995	1.02415	-0.00606	-0.02697	-0.01173
AME16035_B2	423	F1	4343.052	1.01	1.036	1.047	1.049	0.558	0.55	277.7	26.1	158.9	44.4	27.2	34.2	0.98944	1.01137	0.99919	-0.01085	-0.01146	-0.01399
AME16035_C1	423	F1	1791.908	1.073	1.042	1.118	1.119	-0.266	-0.292	283.3	42.3	13.7	0.4	104.1	47.7	0.99016	1.00965	1.00019	-0.00461	-0.05404	0.01305
AME16035_C2	423	F1	2258.062	1.053	1.04	1.095	1.095	-0.135	-0.158	280.5	63.3	61.4	21.3	157.6	15.3	0.96519	1.00029	1.03453	0.01066	-0.02444	0.01281
AME16041_A1	423	F1	220.7949	1.06	1.08	1.146	1.146	0.137	0.104	342.9	44.6	198.6	39.5	92.4	18.7	1.03269	0.94047	1.02683	-0.00589	-0.03163	0.02991
AME16041_A2	423	F1	396.9967	1.088	1.139	1.238	1.24	0.215	0.163	337.7	42.7	201.3	38.2	91.3	23.5	1.05249	0.91482	1.03269	-0.01447	-0.06173	0.04187
AME16041_B1	423	F1	394.4824	1.104	1.175	1.297	1.3	0.239	0.177	342.5	46.2	206.7	34.6	99.3	23.4	1.05791	0.89589	1.04621	0.00579	-0.07027	0.05928
AME16041_B2	423	F1	612.2719	1.081	1.13	1.221	1.223	0.221	0.173	345.1	49	199.2	35.7	96.2	17.4	1.04304	0.90933	1.04763	0.00253	-0.04328	0.04266
AME16041_C1	423	F1	390.9228	1.115	1.233	1.375	1.382	0.318	0.245	310.6	32.9	219.5	1.6	127.1	57	1.03965	1.03663	0.92371	-0.01329	-0.11156	0.08836
AME16042_A1	423	F1	327.4917	1.052	1.039	1.093	1.094	-0.143	-0.164	314.9	21.7	190.2	55	56.1	26	1.00813	0.9968	0.99506	-0.03643	-0.02489	0.00444
AME16042_B1	423	F1	450.4585	1.059	1.051	1.113	1.113	-0.073	-0.1	319	21.4	205.1	46	65.7	36.3	1.02028	0.99241	0.98731	-0.03716	-0.03417	0.00561
AME16042_C1	423	F1	379.4761	1.064	1.042	1.108	1.109	-0.205	-0.23	322.4	14.8	214.2	49.5	63.7	36.6	1.02412	0.99366	0.98223	-0.03866	-0.02653	0.00399
AME16042_D1	423	F1	213.9821	1.053	1.012	1.066	1.07	-0.618	-0.628	325.7	23.2	173.6	64.1	60.4	10.8	1.01381	0.99191	0.99427	-0.02542	-0.01255	0.0145
AME16043_A1	423	F1	93.54844	1.029	1.025	1.055	1.055	-0.074	-0.088	335.6	26.3	94.5	44.3	226	34.2	1.00969	0.99384	0.99647	-0.01701	0.00336	0.01829
AME16043_A2	423	F1	97.78081	1.022	1.036	1.059	1.059	0.241	0.227	335.9	24.5	84.4	34.7	218.6	45.2	1.00892	1.00058	0.9905	-0.01527	0.00753	0.02127
AME16043_B1	423	F1	92.4659	1.006	1.025	1.031	1.033	0.599	0.594	6.8	40	113.6	19	222.9	43.9	1.00284	1.00024	0.99693	-0.00588	0.00863	0.01194
AME16043_C1	423	F1	85.03887	1.012	1.03	1.042	1.043	0.437	0.429	304.9	17.8	54.1	45.8	200	38.9	0.99372	1.01082	0.99546	-0.01057	0.00207	0.01524
AME16043_C2	423	F1	98.05138	1.02	1.023	1.044	1.044	0.08	0.069	331.4	37.7	79	21.4	191.8	44.6	0.99947	1.00337	0.99716	-0.00758	-0.00228	0.0197
AME16051_A1	423	F1	91.66068	1.017	1.005	1.022	1.023	-0.547	-0.551	328.5	22.4	237.7	2	142.8	67.5	1.00608	0.99968	0.99424	-0.00612	-0.00418	0.00649
AME16051_B1	423	F1	100.2673	1.013	1.025	1.038	1.038	0.316	0.308	330.3	35.5	68.3	11	173	52.3	1.00131	1.00574	0.99295	-0.00255	-0.00442	0.01686
AME16051_C1	423	F1	75.77681	1.007	1.013	1.021	1.021	0.272	0.267	357.2	41	262.4	5.5	166.1	48.5	1.00072	1.0015	0.99777	0.00111	-0.00172	0.00994
AME16054_A1	423	F1	543.9398	1.096	1.066	1.169	1.17	-0.174	-0.212	86.3	22.3	347.5	20.5	219.2	58.9	0.97943	1.06308	0.95749	-0.00283	0.05047	0.02326
AME16054_B1	423	F1	560.7023	1.04	1.048	1.089	1.089	0.088	0.067	268.7	5.4	1	23.5	166.5	65.8	0.99468	1.04092	0.9644	0.00265	-0.00772	0.01647
AME16054_B2	423	F1	682.5265	1.112	1.026	1.141	1.15	-0.605	-0.626	109.3	11.8	11.4	33.3	216	54.1	0.97782	1.06204	0.96015	-0.03659	0.02752	0.00245
AME16054_C1	423	F1	841.6818	1.067	1.067	1.139	1.139	-0.004	-0.036	90.6	20	183.3	7.3	292.5	68.6	0.99723	1.05069	0.95208	0.00228	0.04115	-0.00837
AME16054_C2	423	F1	910.431	1.177	1.003	1.181	1.209	-0.967	-0.969	71	5.8	162.6	15.4	320.7	73.5	0.96251	1.09313	0.94436	0.0512	0.0165	0.00499
AME16055_A1	423	F1	41.36309	1.046	1.014	1.06	1.063	-0.532	-0.542	21.4	69.9	260.8	10.6	167.5	16.9	0.98222	0.98947	1.02831	0.00443	0.00453	0.01734
AME16055_A2	423	F1	52.44931	1.06	1.015	1.076	1.08	-0.587	-0.599	319.7	79.4	132	10.5	222.3	1.4	0.97843	0.97949	1.04209	-0.00831	-0.00662	0.00837
AME16055_B1	423	F1	1945.551	1.128	1.046	1.18	1.187	-0.458	-0.49	186.6	81.9	60.9	4.8	330.4	6.6	0.94327	0.96236	1.09437	0.01839	0.0004	-0.02154
AME16055_B2	423	F1	1624.359	1.12	1.025	1.148	1.159	-0.646	-0.666	195.9	85.8	313.3	1.9	43.4	3.7	0.95717	0.95794	1.08489	-0.01148	-0.00339	-0.00932
AME16055_C1	423	F1	970.694	1.199	1.023	1.226	1.251	-0.777	-0.797	165.4	88.1	319.3	1.7	49.3	0.8	0.93566	0.93231	1.13203	-0.01054	0.00131	-0.00613
AME16056_A1	423	F1	5943.255	1.082	1.059	1.147	1.147	-0.158	-0.191	328.3	81.7	95.4	5	186	6.6	0.93833	0.99112	1.07055	-0.00642	-0.00544	0.01614
AME16056_A2	423	F1	6260.657	1.088	1.069	1.163	1.163	-0.114	-0.152	330	83	93.1	3.8	183.5	5.8	0.93013	0.99245	1.07742	-0.00447	-0.00487	0.0156
AME16056_B1	423	F1	3306.647	1.072	1.057	1.133	1.133	-0.112	-0.143	19.7	84.4	287	0.3	197	5.5	0.94612	0.9896	1.06427	-0.01461	0.00382	0.0114
AME16056_B2	423	F1	2964.225	1.062	1.047	1.112	1.112	-0.129	-0.155	57.3	80	281.2	7.2	190.4	6.9	0.95219	0.9944	1.05341	-0.007	0.00981	0.01092
AME16056_C1	423	F1	963.4856	1.039	1.056	1.097	1.097	0.18	0.158	351.5	79.1	102.7	4	193.4	10.1	0.95727	1.00212	1.04061	-0.01184	0.00108	0.01609
AME16057_A1	423	F1	415.2641	1.142	1.094	1.249	1.251	-0.194	-0.247	298.6	67.4	137.2	21.6	44.6	6.6	0.94419	0.95656	1.09925	-0.05018	-0.05019	0.01688
AME16057_B1	423	F1	589.5938	1.19	1.097	1.305	1.31	-0.306	-0.365	260.4	76.5	149	5	57.9	12.5	0.9446	0.91867	1.13673	-0.03494	-0.05629	-0.01649
AME16057_C1	423	F1	550.925	1.116	1.047	1.169	1.174	-0.408	-0.44	258.4	84.5	144.3	2.2	54.1	5	0.9619	0.94921	1.08889	-0.02057	-0.01369	-0.00443
AME16057_C2	423	F1	445.0661	1.123	1.058	1.189	1.193	-0.346	-0.383	296.8	74.8	135.2	14.4	44	4.6	0.95175	0.95855	1.0897	-0.03001	-0.03018	0.01065
AME16057_D1	423	F1	629.7321	1.153	1.08	1.246	1.25	-0.296	-0.346	280.5	74.4	181.2	2.6	90.5	15.4	0.97482	0.91759	1.10758	-0.00139	-0.05662	0.00721
AME16075_A1	423	F1	93.68302	1.047	1.052	1.102	1.102	0.05	0.025	64.3	8.9	333.7	3.7	221.3	80.4	1.00875	1.03782	0.95343	0.01741	0.01195	0.00932
AME16075_B1	423	F1	111.503	1.021	1.097	1.12	1.129	0.634	0.617	231.2	1.3	322.1	33.7	139.3	56.2	1.01538	1.02421	0.96042	0.02434	-0.02769	0.03149
AME16075_C1	423	F1	50.45095	1.028	1.071	1.102	1.105	0.428	0.408	248.2	10	344.1	30.4	141.9	57.7	1.0049	1.02944	0.96566	0.0189	-0.02336	0.02223
AME16075_C2	423	F1	81.82134	1.035	1.093	1.131	1.136	0.447	0.422	244.5	7.4	338.4	27.5	140.7	61.3	1.0116	1.03737	0.95102	0.02322	-0.02717	0.02628
AME16076_A1	423	F1	153.2209	1.007	1.092	1.099	1.111	0.853	0.846	21.5	19.8	273.2	41.2	130.6	42.2	1.01185	0.99993	0.98822	0.02555	-0.03178	0.03006
AME16076_A2	423	F1	152.7956	1.005	1.073	1.078	1.088	0.861	0.856	358.4	34.1	246.4	28.9	126.3	42.2	1.01162	0.99667	0.99171	0.018	-0.0278	0.02288
AME16076_B1	423	F1	134.4211	1.028	1.063	1.093	1.095	0.374	0.355	235	15.3	333.2	27.4	119.1	57.9	1.01515	1.01534	0.96951	0.01958	-0.02942	0.00892
AME16076_B2	423	F1	172.0247	1.037	1.062	1.101	1.102	0.247	0.225	240.6	21	342.4	28.1	119	53.7	1.01015	1.01601	0.97385	0.02261	-0.03535	0.00749
AME16076_C1	423	F1	151.7632	1.033	1.102	1.138	1.144	0.496	0.471	56.5	6	324	22.3	160.7	66.8	1.01734	1.04181	0.94085	0.01999	-0.00833	0.03415
AME16077_A1	423	F1	944.9924	1.08	1.171	1.264	1.27	0.345	0.293	221	2.3	315.4	62.3	129.8	27.6	1.02096	0.98845	0.99059	0.09776	-0.04919	0.03668
AME16077_A2	423	F1	1159.443	1.071	1.16	1.241	1.247	0.37	0.322	228.4	20.9	354.3	56.9	128.4	24.4	1.00547	0.98645	1.00808	0.08813	-0.05947	0.01694
AME16077_B1	423	F1	378.9163	1.085	1.059	1.149	1.15	-0.177	-0.21	215.2	0.2	121.3	86.7	305.2	3.3	1.02841	0.98153	0.99006	0.06553	0.00238	-0.00208
AME16077_C1	423	F1	1024.343	1.107	1.207	1.336	1.342	0.299	0.232	249.3	1.2	342.4	69.8	158.8	20.2	0.9014	1.09738	1.00122	0.0881	-0.02255	0.05214
AME16077_C2	423	F1	670.7242	1.064	1.227	1.306	1.322	0.534	0.486	254.3	6.1	8.4	75.4	162.9	13.3	0.87996	1.08742	1.03262	0.06851	-0.01944	0.03927
AME16078_A1	423	F1	122.0808	1.017	1.117	1.135	1.148	0.737	0.723	45.2	9.1	304.7	48.6	142.9	39.9	0.99822	1.01553	0.98625	0.03888	-0.03001	0.04411
AME16078_A2	423	F1	115.7317	1.023	1.118	1.143	1.154	0.663	0.644	46.2	6.3	310	44.3	142.6	45	1.00525	1.02036	0.9744	0.03763	-0.03099	0.04471
AME16078_B1	423	F1	93.74437	1.029	1.086	1.117	1.122	0.479	0.457	34.3	8.2	301.5	18.8	146.8	69.4	1.02973	1.02308	0.94719	0.01817	-0.01208	0.02556
AME16078_B2	423	F1	142.2921	1.033	1.071	1.106	1.109	0.365	0.343	43.3	5	311.5	19.5	147.1	69.8	1.02314	1.02445	0.95241	0.01994	-0.00987	0.02035
AME16078_C1	423	F1	97.29497	1.016	1.084	1.101	1.109	0.67	0.657	6.1	20.8	98.2	5.4	202	68.5	1.02593	1.01957	0.95449	-0.00219	0.0107	0.03041
AME16079_A1	423	F1	530.7854	1.097	1.043	1.145	1.149	-0.373	-0.402	348.1	64.9	248.3	4.6	156.2	24.6	0.96996	0.97695	1.05309	0.00899	-0.01383	0.05011
AME16079_A2	423	F1	761.0862	1.107	1.065	1.179	1.181	-0.233	-0.271	306	60.9	57.8	11.7	153.7	26.2	0.95472	0.99176	1.05352	0.00747	-0.04672	0.04766
AME16079_B1	423	F1	692.1221	1.042	1.018	1.061	1.062	-0.39	-0.403	66.9	68.1	325.4	4.6	233.6	21.4	0.98751	0.98699	1.0255	-0.00525	0.0181	0.00922
AME16079_B2	423	F1	586.9698	1.062	1.046	1.111	1.112	-0.15	-0.175	345.9	61.8	84.7	4.7	177.2	27.8	0.97287	0.99457	1.03256	-0.00165	-0.00719	0.04305
AME16079_C1	423	F1	244.581	1.008	1.017	1.025	1.026	0.379	0.374	344.2	38.8	103.6	31.4	219.3	35.4	1.00068	0.99889	1.00043	-0.00681	0.00408	0.0099
AME16079_C2	423	F1	287.1877	1.029	1.053	1.083	1.085	0.295	0.276	5.1	42.8	111.9	17.3	218.3	42.1	1.00552	0.9967	0.99778	-0.01223	0.01697	0.03414
AME16080_A1	423	F1	9008.288	1.095	1.05	1.149	1.152	-0.302	-0.333	353.2	68.3	189.5	20.9	97.4	5.6	0.9963	0.93914	1.06456	0.00436	-0.00831	0.03245
AME16080_A2	423	F1	6347.099	1.057	1.058	1.118	1.118	0.006	-0.022	5.5	58	156.4	28.7	253.7	13.1	1.01099	0.95161	1.03739	-0.01241	0.01398	0.02886
AME16080_B1	423	F1	7527.915	1.114	1.052	1.172	1.176	-0.364	-0.398	16	47.2	125.4	17.2	229.3	37.7	1.01367	0.96532	1.02101	-0.00126	0.03305	0.06895
AME16080_B2	423	F1	9232.604	1.108	1.068	1.184	1.185	-0.218	-0.258	5.4	46.5	105.1	9.1	203.4	42.1	1.00632	0.98043	1.01325	-0.00787	0.01748	0.0817
AME16080_C1	423	F1	386.9958	1.065	1.154	1.229	1.235	0.387	0.342	28.8	29.3	137.4	29.7	263.4	45.9	1.06127	0.9699	0.96883	0.01393	0.0813	0.03272
AME16080_C2	423	F1	780.132	1.092	1.15	1.257	1.259	0.227	0.172	98.5	61.9	6.5	1	276	28.1	1.01229	0.93132	1.05639	0.00768	0.09317	-0.01148
AME16081_A1	423	F1	453.1591	1.27	1.129	1.435	1.444	-0.326	-0.405	82.4	9.7	350.3	12.2	209.9	74.3	0.94906	1.19391	0.85702	0.02934	0.05643	0.03023
AME16081_A2	423	F1	3934.182	1.196	1.119	1.338	1.341	-0.229	-0.297	262.9	3.9	146.1	81.3	353.5	7.7	0.87397	1.15606	0.96998	0.03446	-0.0114	-0.01521
AME16081_B1	423	F1	6821.504	1.251	1.139	1.425	1.431	-0.263	-0.344	102.9	13.3	8	20.1	224.3	65.6	0.96015	1.1656	0.87425	-0.05972	0.08313	0.01954
AME16081_B2	423	F1	5397.034	1.203	1.108	1.333	1.338	-0.284	-0.349	109.5	21.5	19.3	0.6	287.8	68.5	0.98398	1.10548	0.91054	-0.04978	0.09348	-0.03212
AME16081_C1	423	F1	1960.636	1.278	1.043	1.333	1.364	-0.708	-0.742	99.9	9.5	192.5	15.2	339	71.9	0.93104	1.16958	0.89938	-0.04131	0.04547	-0.01773
AME16081_C2	423	F1	8138.335	1.296	1.056	1.369	1.398	-0.651	-0.694	98.1	18.4	209.2	47.2	353.6	36.9	0.89903	1.16611	0.93486	-0.03076	0.08392	-0.03509
AME16083_A1	423	F1	3921.77	1.246	1.022	1.274	1.307	-0.817	-0.837	294.8	45.3	174.7	26.4	65.9	33.1	0.94793	1.01215	1.03992	-0.04855	-0.11257	0.04419
AME16083_A2	423	F1	2132.444	1.118	1.076	1.204	1.205	-0.205	-0.249	305.6	45	169.8	35.6	61.6	23.6	0.99095	0.97749	1.03155	-0.05209	-0.06984	0.0217
AME16083_B1	423	F1	4052.598	1.157	1.015	1.174	1.194	-0.814	-0.827	310.3	30	157.5	57	47.6	12.5	0.9956	1.01284	0.99156	-0.06215	-0.0517	0.03993
AME16083_B2	423	F1	3228.771	1.164	1.009	1.174	1.198	-0.887	-0.895	307.8	43.9	46.6	9	145.6	44.7	0.97843	1.00008	1.02148	-0.03711	-0.06383	0.0512
AME16083_C1	423	F1	1357.374	1.094	1.032	1.129	1.135	-0.484	-0.507	308.1	51.9	113.6	37.2	209	7	0.96984	0.99407	1.03609	-0.02967	-0.03355	0.03087
AME16083_C2	423	F1	3091.052	1.134	1.033	1.171	1.182	-0.593	-0.618	327.5	49.2	126.7	38.9	225.2	10.4	0.99174	0.96803	1.04023	-0.03991	-0.03058	0.05799
AME16084_A1	423	F1	25.32591	1.029	1.022	1.052	1.052	-0.118	-0.131	299.4	39	113.5	50.8	207	2.8	0.98457	1.00635	1.00908	-0.01622	-0.01168	0.00782
AME16084_A2	423	F1	36.48167	1.015	1.032	1.047	1.048	0.344	0.333	204.7	79.7	96.8	3.2	6.2	9.7	0.97599	1.00486	1.01915	-0.00305	-0.00169	-0.00756
AME16084_B1	423	F1	47.54832	1.036	1.012	1.049	1.051	-0.492	-0.501	231.2	74	73.4	14.8	341.9	5.8	0.98248	0.99254	1.02498	0.0048	-0.007	-0.00705
AME16084_B2	423	F1	68.17681	1.022	1.016	1.038	1.038	-0.158	-0.167	214.2	69.8	50	19.5	318.2	5.1	0.99108	0.99183	1.01709	0.00892	-0.00307	-0.00689
AME16084_C1	423	F1	59.39172	1.028	1.036	1.065	1.065	0.121	0.105	290	71.2	129.3	17.8	37.5	5.8	0.98099	0.99211	1.0269	-0.01743	-0.01013	0.00013
AME16084_D1	423	F1	26.37461	1.019	1.046	1.066	1.067	0.404	0.39	289.2	67.4	134.1	20.7	40.8	8.7	0.98394	0.99244	1.02363	-0.02211	-0.01074	-0.00271
AME16085_A1	423	F1	1656.76	1.069	1.066	1.139	1.139	-0.025	-0.057	270.7	61.6	114.7	26.3	19.7	10	0.94469	1.00632	1.04899	-0.01914	-0.0324	-0.0095
AME16085_A2	423	F1	1676.178	1.038	1.091	1.133	1.137	0.397	0.37	297.5	62.6	137.8	25.9	43.8	8.3	0.9737	0.98198	1.04432	-0.04494	-0.02252	-0.0014
AME16085_B1	423	F1	2035.985	1.08	1.046	1.131	1.132	-0.261	-0.289	294.2	52.7	104.9	37	198.3	4.5	0.95375	1.00815	1.03811	-0.02394	-0.03392	0.01895
AME16085_C1	423	F1	1036.996	1.161	1.155	1.341	1.341	-0.02	-0.093	281.5	62.8	115.4	26.5	22.6	5.6	0.88018	1.00356	1.11625	-0.05316	-0.06865	0.00103
AME16085_D1	423	F1	1417.071	1.125	1.086	1.221	1.223	-0.174	-0.222	296.7	61	112.8	29	203.7	1.6	0.92557	0.99551	1.07893	-0.04035	-0.04562	0.02544
AME16086_A1	423	F1	2870.373	1.035	1.031	1.067	1.067	-0.052	-0.068	259.8	78.3	123.9	8.4	32.7	8	0.97745	0.99118	1.03138	-0.01333	-0.00908	-0.00476
AME16086_A2	423	F1	3008.019	1.063	1.041	1.107	1.107	-0.204	-0.228	292.6	70	140.6	17.9	47.7	8.8	0.97601	0.97756	1.04643	-0.02165	-0.02293	0.00373
AME16086_B1	423	F1	2734.826	1.03	1.099	1.131	1.137	0.527	0.505	337.8	56.3	185.7	30.5	87.9	12.9	1.02833	0.93492	1.03675	-0.00639	-0.02517	0.01216
AME16086_B2	423	F1	3263.383	1.078	1.084	1.168	1.168	0.037	-0.002	320.2	73.3	194.3	10	101.9	13.2	1.00054	0.93246	1.067	0.01163	-0.0304	0.0199
AME16086_C1	423	F1	3792.336	1.036	1.073	1.112	1.114	0.333	0.31	289.1	66	161.2	15.3	66.1	18.1	1.00126	0.96411	1.03463	-0.02502	-0.03141	-0.00384
AME16086_C2	423	F1	2619.353	1.046	1.057	1.105	1.105	0.1	0.075	265.1	72	141.2	10.3	48.5	14.6	0.98046	0.97867	1.04087	-0.02459	-0.02332	-0.00983
AME16087_A1	423	F1	6357.092	1.132	1.137	1.288	1.288	0.017	-0.046	215.4	64.2	357.3	20.8	93	14.5	1.01239	0.89219	1.09541	0.0177	-0.05918	-0.0406
AME16087_A2	423	F1	4158.446	1.133	1.084	1.229	1.23	-0.212	-0.261	230.1	70.2	343.9	8.3	76.6	17.9	0.98448	0.92529	1.09024	-0.00824	-0.05366	-0.03189
AME16087_B1	423	F1	2264.193	1.134	1.103	1.251	1.252	-0.126	-0.181	130.1	75.8	274.3	11.6	5.9	8.1	0.90049	0.99015	1.10936	-0.01321	0.02273	-0.03296
AME16087_B2	423	F1	2952.215	1.118	1.159	1.295	1.296	0.14	0.076	135.9	78.2	278.8	9.5	10	7	0.87722	1.00482	1.11796	-0.02572	0.01362	-0.03347
AME16087_C1	423	F1	1607.697	1.105	1.084	1.198	1.198	-0.109	-0.154	235.5	72.9	359.6	9.8	92	13.9	0.99354	0.92496	1.0815	0.00674	-0.04199	-0.01598
AME16087_C2	423	F1	1524.017	1.076	1.075	1.157	1.157	-0.009	-0.045	256.2	64.3	0.7	6.9	93.9	24.6	0.99836	0.95414	1.0475	0.00718	-0.05498	-0.00529
AME16088_A1	423	F1	2010.127	1.075	1.068	1.148	1.148	-0.053	-0.088	152	68.5	358.3	19.5	265.2	8.8	1.0034	0.93705	1.05955	-0.00934	0.02156	-0.02184
AME16088_A2	423	F1	1810.802	1.074	1.052	1.129	1.13	-0.169	-0.198	156.3	56.9	348	32.5	254.5	5.3	1.00673	0.95049	1.04278	-0.02043	0.01778	-0.02934
AME16088_B1	423	F1	941.4161	1.068	1.032	1.101	1.104	-0.358	-0.379	112.5	80	296.8	10	206.6	0.7	0.96392	0.98338	1.0527	-0.01281	0.01075	-0.00405
AME16088_B2	423	F1	1649.012	1.111	1.047	1.163	1.168	-0.398	-0.429	162.5	57.6	351	32.1	258.6	3.9	1.00489	0.93932	1.0558	-0.01734	0.01768	-0.04644
AME16088_C1	423	F1	1398.908	1.066	1.029	1.098	1.1	-0.379	-0.399	167	56.5	327.9	32	63.4	8.8	1.00101	0.96658	1.03241	-0.01536	0.00295	-0.03127
AME16088_C2	423	F1	1486.878	1.064	1.071	1.139	1.139	0.05	0.017	146.4	53.2	326.1	36.8	56.2	0.1	0.99623	0.96205	1.04172	-0.0412	0.01686	-0.02565
AME16089_B1	423	F1	13591.06	1.131	1.244	1.407	1.413	0.277	0.197	46.4	37.1	261.6	47.3	150.8	18.2	0.92484	1.02386	1.0513	0.11973	0.01784	0.0963
AME16089_B2	423	F1	11332.79	1.124	1.233	1.386	1.392	0.283	0.207	37.7	39.2	244.3	47.6	139	13.5	0.96583	0.97194	1.06223	0.12715	0.00918	0.08238
AME16089_C1	423	F1	5415.964	1.214	1.034	1.255	1.278	-0.702	-0.73	32.6	42	257.2	38.3	146.4	24.2	1.00416	0.96751	1.02834	0.06252	0.04746	0.09425
AME16089_C2	423	F1	1692.765	1.13	1.052	1.189	1.195	-0.413	-0.448	27.4	28	150.8	46	278.9	30.8	1.05086	0.95992	0.98922	0.04574	0.04517	0.04344
AME16089_D1	423	F1	6189.757	1.202	1.004	1.207	1.24	-0.955	-0.959	49.8	33.2	153.7	20.1	269.3	49.7	0.99332	1.01402	0.99266	0.0654	0.06832	0.05603
AME16090_A1	423	F1	10332.99	1.101	1.084	1.193	1.194	-0.09	-0.133	53.3	21	145.2	4.9	247.6	68.4	1.02181	1.03939	0.9388	0.03819	0.05124	0.03008
AME16090_A2	423	F1	12906.02	1.094	1.082	1.184	1.184	-0.067	-0.109	46.3	14.7	137.9	5.9	249.3	74.1	1.03488	1.03473	0.93039	0.04186	0.0351	0.02282
AME16090_B1	423	F1	9024.371	1.172	1.114	1.305	1.308	-0.193	-0.256	54.4	12.9	322	10.5	193.9	73.3	1.02357	1.08242	0.89401	0.0738	0.03632	0.04791
AME16090_B2	423	F1	9176.305	1.225	1.1	1.348	1.356	-0.358	-0.422	63.5	9.3	331.9	9.7	196.5	76.5	0.99477	1.12484	0.88039	0.0823	0.03627	0.03427
AME16090_C1	423	F1	11048.37	1.118	1.03	1.152	1.161	-0.579	-0.602	51.8	18.4	320.2	5	215.5	70.9	1.0087	1.03413	0.95717	0.04883	0.03214	0.02842
AME16090_C2	423	F1	19206.84	1.154	1.081	1.248	1.252	-0.295	-0.345	66.1	12.2	336	0.2	245.1	77.8	0.99736	1.09149	0.91115	0.05201	0.04218	0.01902
AME16091_A1	423	F1	14558.33	1.092	1.069	1.167	1.168	-0.14	-0.178	31.9	30.6	296.1	9.8	190.4	57.6	1.02184	1.00911	0.96905	0.02708	0.02628	0.06222
AME16091_A2	423	F1	15392.78	1.094	1.08	1.181	1.182	-0.079	-0.12	32.2	30.5	298.5	6.3	198	58.8	1.0252	1.01109	0.96371	0.02548	0.03181	0.06552
AME16091_B1	423	F1	10399.97	1.108	1.05	1.163	1.167	-0.354	-0.387	41.6	19.9	306.1	14.6	182.2	64.9	1.02423	1.02143	0.95434	0.04602	0.02316	0.04326
AME16091_C1	423	F1	7942.204	1.094	1.04	1.138	1.142	-0.393	-0.42	32.9	23.2	298.5	10.3	186.2	64.4	1.0299	1.00481	0.96529	0.03496	0.0198	0.04278
AME16091_C2	423	F1	8664.533	1.092	1.04	1.135	1.138	-0.384	-0.411	29.4	23.9	292.8	14.6	174.1	61.5	1.03105	1.00061	0.96834	0.03303	0.01478	0.04472
AME16091_D1	423	F1	7566.75	1.088	1.047	1.14	1.142	-0.298	-0.328	30.5	24.3	292	18.1	169	59	1.02818	1.00384	0.96798	0.03385	0.01286	0.04734
AME16091_D1	423	F1	6785.738	1.086	1.034	1.124	1.127	-0.423	-0.447	30.3	23.5	295	12	179.9	63.3	1.02923	1.00072	0.97005	0.03118	0.01564	0.03981
AME16092_A1	423	F1	5170.044	1.115	1.125	1.255	1.255	0.039	-0.017	55.2	45	148.3	3.1	241.3	44.8	1.00454	0.99435	1.00112	0.00336	0.09591	0.05941
AME16092_A2	423	F1	4714.82	1.182	1.112	1.314	1.317	-0.222	-0.286	55.3	45.4	317.5	7.6	220.3	43.6	0.97198	1.01115	1.01688	0.01535	0.10442	0.08774
AME16092_B1	423	F1	3572.536	1.166	1.116	1.301	1.303	-0.165	-0.228	62.7	45	154	1.3	245.3	45	0.98804	1.00196	1.01	0.01376	0.11853	0.05857
AME16092_B2	423	F1	3738.746	1.074	1.124	1.206	1.209	0.244	0.199	73.1	46.2	166.6	3.4	259.8	43.6	1.01355	0.98847	0.99798	-0.00023	0.09041	0.02071
AME16092_C1	423	F1	6043.296	1.154	1.175	1.356	1.356	0.058	-0.018	42.1	48.4	140.9	7.7	237.5	40.6	1.01095	0.96779	1.02126	-0.00497	0.11323	0.09615
AME16092_C2	423	F1	4736.784	1.256	1.112	1.397	1.407	-0.363	-0.434	37.6	44.6	142.4	14.6	245.9	41.8	1.01959	0.95225	1.02816	0.03975	0.1177	0.11594
AME16093_A1	423	F1	7088.061	1.236	1.327	1.64	1.643	0.143	0.021	344.3	48.8	101.1	21.5	206	33.2	0.95869	0.97768	1.06363	-0.095	0.01785	0.21475
AME16093_A2	423	F1	2881.459	1.026	1.134	1.164	1.176	0.659	0.637	27.7	54.3	117.8	0	207.8	35.7	0.97599	1.01609	1.00792	-0.02937	0.03292	0.06241
AME16093_B1	423	F1	9504.646	1.285	1.061	1.363	1.39	-0.62	-0.666	284.9	33.9	135.7	52	25.4	15.2	0.90107	1.09078	1.00815	-0.06473	-0.12437	0.01954
AME15093_B2	423	F1	2174.201	1.03	1.081	1.114	1.118	0.45	0.429	358.1	61.9	111.5	12	207.2	25	0.97245	1.00219	1.02537	-0.02568	0.01293	0.03866
AME16093_C1	423	F1	1489.171	1.015	1.132	1.148	1.164	0.79	0.776	321.3	41.9	90.7	35.2	202.7	28	0.96035	1.02435	1.0153	-0.03753	0.01457	0.05191
AME16093_C2	423	F1	1714.678	1.04	1.099	1.143	1.147	0.418	0.39	323.1	50.6	97.6	30	201.9	23.1	0.96065	1.01225	1.0271	-0.0346	0.00044	0.04643
AME16094_A1	423	F1	1430.396	1.021	1.068	1.091	1.095	0.516	0.5	342.6	35.1	98.5	31.9	218.3	38.7	1.00329	1.0005	0.9962	-0.02327	0.01652	0.0344
AME16094_A2	423	F1	1483.199	1.024	1.086	1.112	1.118	0.556	0.537	355	45.9	114.8	25.7	222.9	32.9	0.99998	0.99254	1.00749	-0.0293	0.02394	0.03895
AME16094_B1	423	F1	1352.547	1.028	1.084	1.114	1.119	0.498	0.478	329.6	36.9	102.5	42.2	218.4	25.7	0.99098	0.99681	1.01221	-0.03911	0.01247	0.03588
AME16094_B2	423	F1	1505.5	1.033	1.066	1.102	1.104	0.326	0.304	357.9	42.4	110.4	22.7	220.1	39	1.00589	0.99402	1.0001	-0.01936	0.01923	0.04023
AME16094_C1	423	F1	2129.671	1.004	1.071	1.076	1.085	0.88	0.876	55.8	56.4	313.8	7.8	218.8	32.4	0.99222	1.00304	1.00474	-0.02291	0.02088	0.02499
AME16094_C2	423	F1	2000.748	1.02	1.08	1.101	1.108	0.594	0.578	22.4	56.6	126.7	9.3	222.5	31.8	0.99399	0.99448	1.01154	-0.025	0.02635	0.03352
AME16095_A1	423	F1	350.3906	1.033	1.05	1.084	1.085	0.194	0.174	348.7	58.2	136.8	27.7	234.5	14.3	0.99855	0.97556	1.02589	-0.02284	0.00632	0.02124
AME16095_B1	423	F1	374.8512	1.043	1.041	1.086	1.086	-0.023	-0.044	13	70.4	127.3	8.3	220	17.6	0.98241	0.98427	1.03332	-0.01654	0.01036	0.02195
AME16095_B2	423	F1	345.3035	1.019	1.053	1.073	1.076	0.459	0.445	7.7	63.6	128.4	14.2	224.2	21.8	0.99169	0.98918	1.01913	-0.02143	0.01325	0.02027
AME16095_C1	423	F1	372.7431	1.034	1.04	1.076	1.076	0.07	0.052	346.4	62.6	129.1	22.4	225.4	14.9	0.99057	0.98353	1.0259	-0.01954	0.00346	0.0204
AME16095_D1	423	F1	290.4247	1.016	1.056	1.074	1.077	0.543	0.53	4.3	64.3	142.4	19.7	238.2	15.8	1.00169	0.97639	1.02192	-0.02216	0.01252	0.01393
AME16095_C2	423	F1	325.7365	1.03	1.035	1.066	1.066	0.081	0.065	11.6	71.5	127.1	8.2	219.5	16.5	0.98566	0.98885	1.02549	-0.01475	0.00768	0.01592
AME16096_A1	423	F1	5123.146	1.11	1.125	1.249	1.249	0.059	0.004	176.5	75.9	301.8	8.3	33.5	11.4	0.93248	0.96779	1.09973	-0.04958	-0.01028	-0.04404
AME16096_A2	423	F1	6620.31	1.123	1.14	1.281	1.281	0.059	-0.003	169.5	77	296.9	8	28.3	10.2	0.91358	0.97329	1.11312	-0.05074	-0.00518	-0.0453
AME16096_B1	423	F1	7803.417	1.121	1.217	1.364	1.369	0.265	0.192	205.2	73.5	111.6	1.1	21.3	16.5	0.8825	0.99921	1.11829	-0.05282	-0.03229	-0.07647
AME16096_B2	423	F1	7046.212	1.111	1.212	1.347	1.352	0.292	0.223	191.4	81.4	305	3.5	35.4	7.9	0.90774	0.96291	1.12935	-0.08232	-0.01734	-0.03614
AME16096_C1	423	F1	8957.722	1.089	1.222	1.331	1.341	0.402	0.341	207.2	74.7	111.8	1.5	21.4	15.2	0.88563	1.00983	1.10454	-0.0567	-0.02802	-0.06501
AME16097_A1	423	F1	1058.701	1.077	1.107	1.192	1.193	0.156	0.113	32.3	61.1	139	9	233.6	27.2	0.99239	0.96185	1.04576	-0.02863	0.04938	0.05115
AME16097_A2	423	F1	1328.542	1.146	1.152	1.319	1.319	0.019	-0.051	16.7	54.8	127.1	13.8	225.8	31.6	0.99325	0.95049	1.05626	-0.0343	0.06146	0.10615
AME16097_B1	423	F1	1169.046	1.033	1.128	1.165	1.174	0.578	0.552	31	48.4	145.6	20.3	250.3	34.5	1.02955	0.96148	1.00896	-0.01851	0.05982	0.03262
AME16097_B2	423	F1	2696.426	1.15	1.423	1.636	1.661	0.433	0.33	25.8	41.4	132.2	17.7	239.7	43.3	1.08107	0.94502	0.97391	-0.03756	0.16865	0.14907
AME16097_C1	423	F1	1117.348	1.083	1.09	1.18	1.18	0.037	-0.004	23.8	48.9	141.1	21.7	246	32.8	1.02009	0.95716	1.02275	-0.00835	0.05081	0.0528
AME16097_C2	423	F1	6255.267	1.249	1.491	1.862	1.878	0.284	0.138	30.8	55.8	132.5	7.9	227.7	33.1	0.97947	0.91866	1.10188	-0.08265	0.17522	0.2064
AME16098_A	423	F1	6544.273	1.013	1.033	1.046	1.047	0.44	0.431	87.5	17	190.6	36.6	337.3	48.4	0.99445	1.01591	0.98964	0.00552	0.00966	-0.01447
AME16098_B	423	F1	6329.754	1.012	1.042	1.055	1.058	0.54	0.531	87.7	17.7	225.8	66.7	353	14.6	0.97171	1.02025	1.00804	0.0051	0.00485	-0.00974
AME16098_B1	423	F1	5683.202	1.013	1.016	1.029	1.029	0.087	0.08	89.9	68.8	263.7	21.1	354.5	2.1	0.98562	1.00232	1.01206	0.00146	0.00445	-0.00055
AME16098_B2	423	F1	4608.371	1.015	1.025	1.04	1.04	0.248	0.239	78.9	17.2	208.7	64.2	342.9	18.7	0.98372	1.01433	1.00194	0.00871	0.00631	-0.00622
AME16098_C1	423	F1	7116.595	1.009	1.03	1.039	1.041	0.55	0.543	68.5	14.8	186.3	60.4	331.4	25	0.98946	1.00834	1.00221	0.01281	0.00733	-0.00902
AME16099_A1	423	F1	2491.236	1.048	1.004	1.052	1.058	-0.851	-0.854	28.7	81.3	189.3	8.3	279.7	2.9	0.9862	0.98212	1.03168	0.00108	0.0036	0.00621
AME16099_B1	423	F1	2674.31	1.045	1.013	1.058	1.061	-0.55	-0.56	8.8	71.5	226.4	14.8	133.5	10.8	0.98799	0.98311	1.0289	0.00671	0.00036	0.01477
AME16099_C1	423	F1	2355.546	1.057	1.032	1.091	1.092	-0.266	-0.286	191.8	74.6	12.9	15.4	282.8	0.3	0.99393	0.96225	1.04383	0.00754	-0.00277	-0.01409
AME16099_D1	423	F1	2401.504	1.054	1.011	1.066	1.07	-0.661	-0.67	190.1	86.9	37.6	2.8	307.5	1.4	0.98196	0.97908	1.03896	0.00512	-0.0003	-0.003
AME16099_E1	423	F1	1371.279	1.042	1.018	1.061	1.063	-0.394	-0.406	323	79.3	184.7	8.1	93.7	7	0.99281	0.97516	1.03203	0.00041	-0.00673	0.00624
AME16103_A1	423	F1	59.89671	1.02	1.012	1.032	1.033	-0.224	-0.232	99.1	5.2	220.1	80	8.4	8.5	0.98631	1.01626	0.99743	-0.00477	0.00148	-0.00205
AME16103_B1	423	F1	164.7872	1.08	1.027	1.109	1.114	-0.488	-0.508	68.4	68.6	262.6	20.8	170.8	4.8	0.9589	0.99077	1.05033	0.00762	0.02455	0.01194
AME16103_B2	423	F1	283.6171	1.168	1.198	1.399	1.4	0.076	-0.008	166.5	82.5	306.8	5.7	37.3	4.7	0.89803	0.93898	1.16299	-0.07974	-0.00318	-0.03176
AME16103_C1	423	F1	73.48386	1.015	1.006	1.021	1.022	-0.453	-0.457	308	24	215.9	4.8	115.2	65.4	1.00147	1.00392	0.99461	-0.00583	-0.00645	0.00444
AME16103_D1	423	F1	246.5799	1.036	1.048	1.085	1.085	0.142	0.122	302.2	87.6	103.8	2.3	193.8	0.8	0.96039	1.00075	1.03887	-0.01057	-0.00111	0.00137
AME16104_A1	423	F1	154.3528	1.016	1.061	1.078	1.082	0.572	0.56	334.3	48	107.8	31.8	214.1	24.3	0.98682	1.00013	1.01305	-0.02517	0.00866	0.02532
AME16104_A2	423	F1	136.2828	1.017	1.065	1.083	1.087	0.579	0.565	333.3	45.3	109.2	35.4	217.3	23.5	0.98877	0.99755	1.01367	-0.02841	0.00983	0.02563
AME16104_B1	423	F1	113.5055	1.012	1.076	1.088	1.096	0.725	0.715	320.4	29.6	87.1	46.5	212.3	28.6	0.98577	1.00785	1.00638	-0.02941	0.01286	0.02947
AME16104_B2	423	F1	122.092	1.018	1.067	1.086	1.091	0.564	0.55	334.9	37.8	102.6	38.2	219	29.4	0.9953	0.99803	1.00667	-0.02804	0.01331	0.02927
AME16104_C1	423	F1	110.0229	1.014	1.071	1.085	1.092	0.669	0.658	334.1	35.2	93	34.4	213	36.2	0.99452	1.00656	0.99893	-0.02366	0.01463	0.03278
AME16104_C2	423	F1	106.9416	1.022	1.073	1.097	1.102	0.524	0.507	324.6	29.6	82.3	39.3	209.7	36.5	0.99318	1.01031	0.99651	-0.02734	0.01078	0.03675
AME16107_A1	423	F1	2201.12	1.05	1.095	1.15	1.152	0.3	0.268	23.1	80.4	286.4	1.1	196.2	9.5	0.93474	1.00594	1.05931	-0.02241	0.00724	0.02135
AME16107_B1	423	F1	4055.705	1.045	1.089	1.138	1.141	0.322	0.293	311.7	81	105.8	8.1	196.3	3.9	0.93699	1.00662	1.05638	-0.02279	-0.00367	0.01007
AME16107_B2	423	F1	3867.476	1.051	1.086	1.142	1.143	0.244	0.212	268.8	79.6	102.6	10.1	12.2	2.4	0.93306	1.00748	1.05946	-0.01639	-0.00992	-0.00348
AME16107_C1	423	F1	4168.841	1.051	1.082	1.137	1.139	0.22	0.189	226.4	83.4	67.6	6.1	337.3	2.4	0.94369	0.99716	1.05915	0.02735	-0.00307	-0.00696
AME16107_C2	423	F1	3831.935	1.044	1.106	1.155	1.159	0.407	0.376	216.1	87.3	63.9	2.4	333.8	1.3	0.93908	0.99885	1.06207	0.03879	-0.00028	-0.0036
AME16108_A1	423	F1	49.79021	1.063	1.012	1.076	1.081	-0.674	-0.684	272.2	25.1	163.1	35	29.6	44.5	0.97886	1.03246	0.98868	-0.0045	-0.02662	-0.00412
AME16108_B1	423	F1	399.7751	1.071	1.111	1.191	1.192	0.211	0.17	227	51.2	45.1	38.8	135.9	0.9	0.9707	0.97586	1.05344	0.06466	-0.02683	-0.02274
AME16108_B2	423	F1	168.8327	1.061	1.039	1.102	1.103	-0.224	-0.248	247.4	61.2	42.7	26.5	138	10.3	0.97439	0.988	1.03761	0.02273	-0.02811	-0.00507
AME16108_C1	423	F1	148.2687	1.012	1.026	1.039	1.04	0.38	0.372	266.1	67.5	109	20.9	15.9	8	0.98117	1.00451	1.01432	-0.0066	-0.00518	-0.00372
AME16108_D1	423	F1	713.4697	1.077	1.371	1.476	1.512	0.619	0.557	341.1	17.4	205.9	66.1	76.2	15.8	1.12061	0.82453	1.05486	-0.08514	-0.08115	0.00407
AME16108_D2	423	F1	1822.859	1.541	1.246	1.919	1.941	-0.326	-0.465	119.8	82.9	320	6.7	229.7	2.4	0.82519	0.80015	1.37466	-0.09031	0.05717	-0.02469
AME16109_A1	423	F1	440.2125	1.055	1.173	1.238	1.249	0.499	0.458	13.5	67	115.2	5	207.3	22.4	0.93727	1.00504	1.05769	-0.05107	0.0294	0.06765
AME16109_A2	423	F1	226.4792	1.039	1.054	1.095	1.095	0.157	0.135	337.6	52.4	100.9	22.9	203.8	28	0.98307	0.99964	1.01729	-0.01987	0.00142	0.03689
AME16109_C1	423	F1	432.6506	1.15	1.069	1.23	1.235	-0.354	-0.399	220.1	74.1	121.6	2.4	31	15.7	0.93575	0.9613	1.10295	-0.02033	-0.03323	-0.04353
AME16109_C2	423	F1	787.353	1.188	1.401	1.664	1.679	0.324	0.207	11.4	70.3	125.7	8.4	218.3	17.7	0.8899	0.93132	1.17878	-0.12641	0.06533	0.12768
AME16109_B1	423	F1	599.4996	1.143	1.191	1.361	1.363	0.131	0.055	290.2	4.7	155.9	83.3	20.6	4.8	0.88267	1.11185	1.00548	-0.09917	-0.01583	-0.00847
AME16110_A1	423	F1	7182.085	1.04	1.092	1.135	1.139	0.379	0.351	260.3	54.7	97.3	34.1	1.8	8.1	0.93178	1.02795	1.04027	-0.00037	-0.01937	-0.01505
AME16110_B1	423	F1	6430.661	1.039	1.09	1.133	1.136	0.385	0.358	273.1	33.6	89.7	56.4	182.1	1.6	0.93103	1.04212	1.02685	-0.00455	-0.01818	0.00335
AME16110_B2	423	F1	8158.807	1.053	1.104	1.162	1.165	0.314	0.279	272.7	42	101.1	47.7	6.5	4.2	0.92024	1.04231	1.03746	-0.012	-0.02749	-0.00572
AME16110_C1	423	F1	12913.43	1.046	1.217	1.273	1.293	0.63	0.593	276	31	87.2	58.7	183.7	3.9	0.8616	1.08025	1.05815	-0.01552	-0.02018	0.01497
AME16110_C2	423	F1	9233.031	1.045	1.097	1.147	1.15	0.352	0.322	268.4	39	107.3	49.5	6.1	9.4	0.92821	1.04141	1.03038	-0.00844	-0.02404	-0.01502
AME16111_A1	423	F1	12908.09	1.076	1.106	1.191	1.192	0.158	0.115	14.2	47.1	109.6	5	204.1	42.5	0.99626	1.00002	1.00372	-0.01117	0.02911	0.08112
AME16111_B1	423	F1	12373.1	1.091	1.094	1.193	1.193	0.014	-0.031	15.4	46.9	106.2	0.8	197	43.1	0.99605	0.99731	1.00664	-0.00185	0.0245	0.08456
AME16111_B2	423	F1	10860.4	1.105	1.092	1.207	1.207	-0.059	-0.105	13.5	47.2	107.4	3.6	200.7	42.5	0.99874	0.99032	1.01094	-0.00419	0.02691	0.08949
AME16111_C1	423	F1	10443.19	1.082	1.085	1.173	1.173	0.019	-0.021	242.2	85.2	107.5	3.4	17.3	3.4	0.928	0.99246	1.07954	-0.02185	-0.00742	-0.00762
AME16111_D1	423	F1	5279.915	1.093	1.079	1.179	1.18	-0.074	-0.115	245.3	79.6	103.1	8.2	12.2	6.3	0.92515	0.99292	1.08192	-0.01379	-0.01646	-0.01453
AME16112_A1	423	F1	5841.484	1.216	1.031	1.254	1.278	-0.728	-0.753	255.2	68.8	0.5	5.9	92.7	20.3	0.94352	0.94168	1.1148	0.00776	-0.07557	-0.01709
AME16112_A2	423	F1	6348.898	1.189	1.046	1.244	1.259	-0.585	-0.62	251.5	57.6	144.2	10.7	47.9	30.1	0.94491	0.98306	1.07203	-0.0002	-0.09099	-0.03814
AME16112_B1	423	F1	5105.609	1.237	1.034	1.279	1.306	-0.728	-0.756	244.6	66.2	2.5	11.7	96.9	20.5	0.94254	0.9392	1.11826	0.0173	-0.08419	-0.034
AME16112_B2	423	F1	5439.013	1.233	1.024	1.262	1.292	-0.8	-0.82	249.3	69.9	3.4	8.5	96.2	18.1	0.93754	0.93783	1.12463	0.0106	-0.07204	-0.02421
AME16112_C1	423	F1	8972.635	1.227	1.041	1.278	1.301	-0.669	-0.702	270.1	68.5	148.6	11.6	54.8	17.8	0.93	0.9472	1.1228	-0.01604	-0.08168	-0.00616
AME16112_C2	423	F1	10422.56	1.216	1.056	1.284	1.301	-0.564	-0.605	271.8	64.8	118.9	22.7	24.5	10.3	0.90821	0.97716	1.11463	-0.01956	-0.08246	-0.00555
AME16113_A1	423	F1	3718.179	1.107	1.075	1.189	1.19	-0.171	-0.213	269	8.3	17.7	65.4	175.5	23	0.93	1.09057	0.97942	0.00628	-0.01707	0.02429
AME16113_B1	423	F1	3295.209	1.094	1.088	1.19	1.19	-0.034	-0.077	269.4	6.7	31.3	77.5	178.2	10.5	0.91808	1.0878	0.99412	0.00343	-0.01129	0.01432
AME16113_B2	423	F1	2827.159	1.111	1.07	1.188	1.189	-0.219	-0.259	267	12	28.3	67.7	172.9	18.5	0.92859	1.08807	0.98335	0.01246	-0.02455	0.01795
AME16113_C1	423	F1	3109.248	1.139	1.064	1.212	1.217	-0.359	-0.401	265.9	6.7	11.1	65.9	173	23.1	0.92629	1.10671	0.967	0.01557	-0.01825	0.01969
AME16113_D1	423	F1	3125.373	1.125	1.064	1.197	1.201	-0.313	-0.354	272.7	7.6	26.6	71.8	180.5	16.4	0.92501	1.09891	0.97608	-0.00611	-0.0159	0.01666
AME16114_A1	423	F1	5195.722	1.079	1.114	1.202	1.203	0.169	0.125	261.5	65.9	80.8	24.1	170.9	0.3	0.90771	1.01802	1.07427	0.01798	-0.02953	-0.0039
AME16114_B1	423	F1	4117.29	1.079	1.069	1.154	1.154	-0.065	-0.1	287.3	57.8	92.4	31.3	186.5	6.7	0.93456	1.01479	1.05066	-0.01352	-0.03304	0.01804
AME16114_B2	423	F1	3996.098	1.064	1.09	1.16	1.161	0.163	0.127	289.9	54.8	102.9	35	195.2	3.3	0.9316	1.01945	1.04895	-0.02783	-0.02727	0.01488
AME16114_C1	423	F1	4851.618	1.058	1.079	1.142	1.143	0.146	0.114	285.7	48.1	106	41.9	15.8	0.1	0.93863	1.02377	1.0376	-0.0262	-0.02815	0.00771
AME16114_C2	423	F1	3885.593	1.072	1.058	1.134	1.135	-0.108	-0.139	297.3	58.4	96.7	29.9	192	9.2	0.94764	1.00743	1.04493	-0.01881	-0.02671	0.02304
AME16115_A1	423	F1	67.78923	1.043	1.059	1.105	1.105	0.153	0.129	271.2	41.5	6.9	6.4	104	47.8	1.00279	1.00465	0.99256	0.0054	-0.04851	0.00718
AME16115_A2	423	F1	68.08867	1.054	1.038	1.094	1.094	-0.169	-0.191	260.9	39.3	1	12.1	104.9	48.2	0.99405	1.01043	0.99552	0.00899	-0.04322	0.00049
AME16115_B1	423	F1	65.12385	1.04	1.056	1.098	1.099	0.164	0.141	261.1	49.7	9.6	15.1	111	36.3	1.00035	0.99057	1.00908	0.01419	-0.04339	0.00605
AME16115_B2	423	F1	66.45643	1.044	1.067	1.114	1.115	0.196	0.17	269	50	10	9.1	107.4	38.6	1.00268	0.98952	1.00779	0.01131	-0.05136	0.00881
AME16115_C1	423	F1	86.66434	1.081	1.055	1.14	1.141	-0.185	-0.216	235.5	59.5	12.9	23.5	111.2	18.4	0.99107	0.96413	1.0448	0.02533	-0.04333	-0.01428
AME16115_C2	423	F1	167.595	1.077	1.095	1.179	1.179	0.098	0.057	322.5	38.2	169.6	48.5	63.6	13.7	1.01701	0.9551	1.0279	-0.05559	-0.0407	0.02097
AME16137_A1	423	F1	191.8123	1.014	1.079	1.094	1.101	0.686	0.674	300.3	38.2	169.1	39.9	53.9	27	1.00177	0.98801	1.01022	-0.03201	-0.03037	-0.01414
AME16137_A2	423	F1	192.4496	1.026	1.082	1.11	1.115	0.506	0.487	283.6	53.7	154.8	24.7	52.6	24.8	0.99388	0.98564	1.02048	-0.03265	-0.03541	-0.01475
AME16137_B1	423	F1	205.238	1.024	1.094	1.121	1.128	0.583	0.564	307.7	31.4	170.8	50.2	52	21.9	0.99909	0.98535	1.01556	-0.04547	-0.03266	-0.01212
AME16137_B2	423	F1	176.1802	1.035	1.062	1.099	1.1	0.278	0.257	291.7	54.8	153.6	27.7	52.6	19.9	0.99035	0.9852	1.02445	-0.02916	-0.0303	-0.00542
AME16137_C1	423	F1	216.6262	1.022	1.094	1.117	1.125	0.613	0.596	313.5	40.3	171.1	43	61.4	19.9	1.01017	0.96892	1.02091	-0.03891	-0.0325	-0.00586
AME16138_A1	423	F1	140.3354	1.023	1.067	1.092	1.095	0.473	0.456	251.7	63.7	129.7	14.7	33.9	21.3	0.97577	1.00033	1.0239	-0.02408	-0.02088	-0.02076
AME16138_A2	423	F1	128.7035	1.022	1.057	1.08	1.082	0.441	0.426	265.5	60.6	138.3	18.8	40.5	21.7	0.98379	0.99626	1.01995	-0.02271	-0.02146	-0.01494
AME16138_B1	423	F1	110.9737	1.02	1.056	1.077	1.08	0.465	0.45	277	55.2	142.7	25.9	41.7	21.6	0.98533	0.99714	1.01753	-0.02383	-0.02167	-0.01257
AME16138_B2	423	F1	114.663	1.018	1.054	1.073	1.076	0.491	0.478	274.8	55.2	143.1	24.8	41.9	22.7	0.98681	0.99744	1.01574	-0.02238	-0.02086	-0.01301
AME16138_C1	423	F1	125.7918	1.022	1.072	1.095	1.099	0.527	0.511	274.3	60.4	140.8	21.4	42.8	19.5	0.98287	0.99273	1.02439	-0.03049	-0.02389	-0.01492
AME16138_C2	423	F1	133.5192	1.026	1.054	1.081	1.082	0.351	0.334	275.2	56.4	130.2	28.6	31.1	16.2	0.97382	1.00376	1.02241	-0.02172	-0.01895	-0.01075
AME16139_A1	423	F1	117.7263	1.002	1.061	1.063	1.072	0.94	0.938	297.2	49.6	92.4	37.7	192.2	12.5	0.96557	1.0171	1.01733	-0.01188	0.00178	0.01252
AME16139_A2	423	F1	115.5709	1.015	1.073	1.09	1.096	0.647	0.635	66	86.8	295.9	2.1	205.8	2.5	0.96174	1.00485	1.03341	-0.02726	0.00209	0.00304
AME16139_B1	423	F1	154.691	1.006	1.053	1.059	1.066	0.802	0.797	291.1	21.7	75.2	63.8	195.4	13.9	0.97076	1.01618	1.01306	-0.01411	0.00132	0.01229
AME16139_C1	423	F1	135.3954	1.004	1.049	1.053	1.059	0.839	0.835	75.2	66.5	290	19.7	195.5	12.4	0.97246	1.01178	1.01576	-0.01145	0.00416	0.00996
AME16139_D1	423	F1	113.56	1.008	1.07	1.079	1.087	0.793	0.786	95.1	34.2	322.5	44.9	204	25.5	0.97417	1.01608	1.00975	-0.02079	0.01435	0.0235
AME16139_D2	423	F1	117.0752	1.006	1.063	1.07	1.078	0.818	0.812	95.2	31.4	327.4	45.1	204.5	28.4	0.97929	1.01459	1.00612	-0.01813	0.01331	0.02283
AME16140_A1	423	F1	196.7533	1.033	1.094	1.13	1.135	0.464	0.44	292.4	60.1	61.8	20	159.9	21.2	0.95202	1.01605	1.03193	0.02153	-0.02368	0.03323
AME16140_A2	423	F1	288.2388	1.037	1.079	1.12	1.123	0.35	0.325	307.5	64.1	66.9	13.4	162.3	21.8	0.95654	1.01081	1.03265	0.01511	-0.01963	0.03353
AME16140_B1	423	F1	131.3718	1.036	1.098	1.138	1.143	0.456	0.43	271	57.3	65.1	30	162	11.8	0.93927	1.02052	1.0402	0.02552	-0.02215	0.01764
AME16140_B2	423	F1	144.5026	1.035	1.099	1.138	1.143	0.469	0.443	263.7	48.9	44.2	33.9	148.6	20.3	0.96007	1.012	1.02794	0.0377	-0.03311	0.02365
AME16140_C1	423	F1	84.40231	1.014	1.139	1.155	1.172	0.801	0.788	341.9	72.9	82.6	3.3	173.6	16.8	0.92397	1.03575	1.04027	0.01246	-0.0052	0.03861
AME16140_C2	423	F1	78.31374	1.02	1.138	1.161	1.176	0.729	0.711	326.8	74.8	80.7	6.3	172.3	13.8	0.91956	1.03305	1.04739	0.01515	-0.00684	0.03321
AME16141_A1	423	F1	150.482	1.044	1.101	1.149	1.153	0.381	0.351	237	8.9	142	29.1	342.3	59.3	1.007	1.04462	0.94838	0.02696	0.00668	-0.04266
AME16141_A2	423	F1	259.5807	1.062	1.061	1.127	1.127	-0.003	-0.033	224	14.1	124.8	32.7	334	53.7	1.01233	1.02282	0.96485	0.03696	0.002	-0.03518
AME16141_B1	423	F1	158.0662	1.051	1.1	1.156	1.159	0.315	0.282	232	11.1	133.8	36.1	336.3	51.7	1.00265	1.0387	0.95865	0.03718	0.01037	-0.04708
AME16141_B2	423	F1	130.8912	1.044	1.115	1.165	1.17	0.431	0.4	226.3	10.6	133.3	15.6	349.1	71	1.0301	1.04252	0.92738	0.02391	0.00023	-0.0376
AME16141_C1	423	F1	851.6532	1.658	1.059	1.756	1.859	-0.796	-0.844	236.5	10.2	140.3	30.9	342.7	57.1	0.9822	1.20054	0.81726	0.24837	-0.0736	-0.07314
AME16141_C2	423	F1	99.02827	1.058	1.08	1.143	1.143	0.15	0.117	233	10.3	137.8	26.2	342.6	61.5	1.01038	1.0399	0.94972	0.03212	0.00103	-0.03591
AME16142_A1	423	F1	80.22649	1.044	1.022	1.067	1.069	-0.333	-0.347	260.1	19.2	25.5	58.9	161.4	23.4	0.97741	1.02877	0.99383	0.0121	-0.01599	0.00503
AME16142_A2	423	F1	82.94519	1.032	1.03	1.063	1.063	-0.02	-0.035	262.6	15.1	25.2	63.4	166.6	21.3	0.97564	1.02684	0.99753	0.00949	-0.01015	0.00867
AME16142_B1	423	F1	87.29815	1.033	1.038	1.072	1.072	0.068	0.051	265.7	15.8	25.6	60.4	168.3	24.3	0.97214	1.03043	0.99743	0.00831	-0.01145	0.01283
AME16142_C1	423	F1	68.61987	1.03	1.033	1.064	1.064	0.047	0.032	277.5	30.3	54.4	51.3	174.1	21.6	0.97375	1.02231	1.00394	-0.00008	-0.01406	0.01259
AME16142_D1	423	F1	81.11351	1.021	1.032	1.054	1.054	0.195	0.182	270.8	34.1	64.2	52.9	171.9	12.9	0.97426	1.01735	1.00839	0.00392	-0.01094	0.00685
AME16142_D2	423	F1	82.60222	1.028	1.021	1.049	1.049	-0.135	-0.146	262.6	16.6	42.4	68.6	168.6	13	0.97932	1.02181	0.99887	0.00702	-0.0084	0.00344
AME16144_A1	423	F1	1751.524	1.194	1.058	1.264	1.277	-0.518	-0.56	238.2	14.8	142.6	20.4	1.6	64.4	0.99392	1.08105	0.92503	0.0774	-0.03949	-0.04449
AME16144_A2	423	F1	1622.424	1.102	1.084	1.195	1.195	-0.092	-0.136	235.5	26.3	354.9	44.9	126.3	33.6	0.99934	1.01246	0.9882	0.06354	-0.06169	-0.00179
AME16144_B1	423	F1	1530.672	1.189	1.083	1.288	1.295	-0.372	-0.425	247.9	29.8	2.7	36.2	129.8	39.4	0.96528	1.05566	0.97905	0.06956	-0.10061	-0.00658
AME16144_B2	423	F1	1317.771	1.222	1.066	1.303	1.318	-0.516	-0.564	250.5	22.6	156.6	9.3	45.7	65.4	0.96437	1.10385	0.93178	0.05136	-0.08632	-0.04042
AME16144_C1	423	F1	1711.16	1.149	1.061	1.219	1.225	-0.399	-0.44	233.9	24	7.9	57.3	134.1	20.7	0.98869	1.02383	0.98748	0.08186	-0.05667	-0.01873
AME16144_C2	423	F1	1077.553	1.113	1.078	1.2	1.201	-0.176	-0.22	244.6	22.4	0.8	47	138.1	34.4	0.97731	1.04269	0.98	0.0611	-0.05774	0.00787
AME16145_A1	423	F1	8218.771	1.143	1.077	1.231	1.235	-0.286	-0.333	246.1	9.7	9.3	72.6	153.6	14.3	0.94626	1.07725	0.97649	0.07632	-0.02865	0.00556
AME16145_A2	423	F1	11106.02	1.104	1.151	1.271	1.272	0.176	0.118	64.1	3.3	324.1	71.5	155.2	18.2	0.93058	1.07264	0.99677	0.08668	-0.01106	0.03837
AME16145_B1	423	F1	12382.96	1.026	1.237	1.27	1.3	0.784	0.761	306.8	52	56.9	15	157.2	33.9	0.9434	1.04422	1.01238	0.0449	-0.04712	0.09473
AME16145_B2	423	F1	8936.728	1.132	1.094	1.238	1.239	-0.163	-0.214	57.5	7.5	313.2	62.1	151.3	26.7	0.96992	1.06026	0.96982	0.0863	-0.00209	0.03872
AME16145_C1	423	F1	9418.386	1.137	1.096	1.246	1.247	-0.17	-0.223	59.2	16.8	302.9	55.8	158.8	28.9	0.95879	1.06632	0.97489	0.0766	0.01895	0.05292
AME16145_C2	423	F1	11621.01	1.142	1.166	1.332	1.333	0.073	0.001	65.9	2.5	332.8	50.5	158	39.4	0.95067	1.10647	0.94286	0.08262	-0.0205	0.06746
AME16146_A1	423	F1	5352.591	1.133	1.081	1.226	1.228	-0.231	-0.279	234.7	10.7	140.5	21	350.1	66.2	1.0115	1.06477	0.92373	0.06163	-0.0148	-0.04068
AME16146_A2	423	F1	21646.66	1.106	1.116	1.234	1.234	0.041	-0.012	227.7	19.2	129.4	22.7	354	59.6	1.01568	1.05072	0.9336	0.04985	-0.01962	-0.06709
AME16146_B1	423	F1	28503.52	1.095	1.263	1.383	1.397	0.441	0.374	263.7	17.3	159.6	37.9	13.2	46.9	0.94476	1.12278	0.93246	-0.01256	-0.05253	-0.10827
AME16146_B2	423	F1	29208.54	1.11	1.226	1.361	1.368	0.322	0.252	266.8	13.4	165.6	39.1	12	47.7	0.94397	1.12814	0.92789	-0.01154	-0.04507	-0.09344
AME16146_C1	423	F1	927.8561	1.133	1.102	1.249	1.25	-0.124	-0.179	214.4	51.7	111.1	10.3	13.4	36.4	0.96499	0.99962	1.03539	0.01016	-0.04624	-0.09532
AME16146_C2	423	F1	1332.935	1.054	1.127	1.187	1.192	0.391	0.354	227	66.5	108.6	11.7	14.2	20.1	0.929	1.01851	1.0525	-0.01979	-0.02369	-0.04942
AME16147_A1	423	F1	4454.57	1.443	1.288	1.859	1.866	-0.183	-0.329	249.6	34.8	150	13.4	42.3	51.9	0.92231	1.14056	0.93713	0.05149	-0.24958	-0.14238
AME16147_A2	423	F1	4808.705	1.401	1.48	2.074	2.075	0.075	-0.106	249.8	32.5	156.4	5.4	58.1	56.9	0.9817	1.15208	0.86622	0.04763	-0.28927	-0.13764
AME16147_B1	423	F1	737.8825	1.389	1.136	1.578	1.601	-0.441	-0.529	259	46.6	355.5	6.1	91.2	42.8	0.92369	1.02099	1.05532	0.03267	-0.2297	-0.03279
AME16147_B2	423	F1	1268.697	1.315	1.332	1.751	1.751	0.023	-0.117	258.9	37.1	165.8	4	70.6	52.6	0.97585	1.08694	0.93721	0.00886	-0.25642	-0.06782
AME16147_C1	423	F1	5114.257	1.432	1.415	2.027	2.027	-0.017	-0.191	257.1	32.5	164.3	4.4	67.5	57.1	0.95834	1.16397	0.87769	0.03477	-0.30066	-0.091
AME16147_C2	423	F1	3551.4	1.362	1.333	1.815	1.816	-0.037	-0.185	255.9	32.7	163.7	3.3	68.6	57.1	0.96907	1.13484	0.89609	0.03453	-0.25611	-0.07871
AME16152_A1	423	F1	1446.451	1.154	1.02	1.177	1.194	-0.756	-0.773	164.5	54	6.3	34	269.2	10.4	1.00434	0.94271	1.05295	-0.01332	0.02204	-0.06727
AME16152_B1	423	F1	973.5778	1.122	1.034	1.16	1.169	-0.555	-0.58	166.6	52.7	340.8	37.1	72.9	2.8	1.0094	0.94449	1.04611	-0.01868	0.01181	-0.05616
AME16152_B2	423	F1	1109.834	1.115	1.041	1.161	1.166	-0.458	-0.487	175	51.5	355	38.5	85	0	1.01824	0.93763	1.04413	-0.00707	0.00471	-0.05428
AME16152_C1	423	F1	1277.408	1.139	1.029	1.172	1.184	-0.645	-0.668	149.1	49	346.6	39.7	249.2	8.7	1.00338	0.95655	1.04007	-0.03417	0.03797	-0.05563
AME16152_C2	423	F1	1556.106	1.148	1.061	1.218	1.224	-0.399	-0.44	154.8	49.9	11.9	33.9	268.7	18.8	1.01946	0.93146	1.04908	-0.02407	0.0471	-0.06362
AME16152_C3	423	F1	1616.489	1.157	1.046	1.21	1.221	-0.53	-0.563	155	44.5	358.8	42.9	257.2	12.2	1.02485	0.93893	1.03622	-0.03822	0.04056	-0.0667
AME16156_A1	423	F1	19.58374	1.049	1.102	1.156	1.159	0.345	0.313	262	23	169.9	4.8	68.8	66.4	1.01378	1.04276	0.94347	0.00067	-0.04977	-0.01497
AME16156_A2	423	F1	24.42396	1.036	1.05	1.088	1.089	0.16	0.139	275.5	18.2	185	1.5	90.4	71.8	1.00422	1.03169	0.96409	-0.00311	-0.02499	0.00112
AME16156_B1	423	F1	9.691105	1.141	1.144	1.306	1.306	0.01	-0.057	247.5	26.3	155.8	3.4	59.1	63.4	1.00493	1.07293	0.92214	0.02899	-0.09466	-0.04723
AME16156_B2	423	F1	10.77996	1.081	1.098	1.187	1.187	0.089	0.047	241.8	24.2	150.4	3	53.8	65.6	1.01244	1.04518	0.94239	0.02088	-0.05397	-0.03424
AME16156_C1	423	F1	7.29624	1.054	1.197	1.262	1.277	0.546	0.505	226.3	29	323.4	12.6	74.2	57.9	1.05524	1.01601	0.92874	0.00887	-0.09139	-0.03744
AME16156_D1	423	F1	61.51416	1.119	1.016	1.137	1.15	-0.747	-0.761	236.8	50.6	344.1	13.7	84.4	36.1	0.98073	0.9893	1.02998	0.02024	-0.05453	-0.03157
AME16157_A1	423	F1	310.3358	1.067	1.035	1.105	1.107	-0.304	-0.326	253.9	27.7	3.9	33	133.2	44.2	0.98497	1.028	0.98703	0.02252	-0.03861	0.00398
AME16157_B1	423	F1	380.5106	1.078	1.042	1.124	1.125	-0.288	-0.314	263.7	54.1	154.3	13.5	55.5	32.5	0.97888	0.99442	1.0267	-0.01045	-0.05135	-0.01432
AME16157_C1	423	F1	115.6529	1.031	1.094	1.129	1.134	0.489	0.466	263.4	29.9	9.4	25.5	132.4	48.8	1.00156	1.02154	0.9769	0.0217	-0.04581	0.02774
AME16157_D1	423	F1	135.2327	1.014	1.101	1.116	1.127	0.746	0.734	231.3	23.1	338.6	34.8	115	46.1	1.02325	0.99689	0.97986	0.02324	-0.04665	0.01657
AME16157_E1	423	F1	175.351	1.044	1.058	1.104	1.105	0.137	0.113	277.9	41.9	18.3	11.4	120.3	45.9	0.9974	1.00768	0.99492	0.00832	-0.04532	0.01684
AME16158_A1	423	F1	92.55994	1.091	1.039	1.134	1.137	-0.386	-0.412	309.1	26.3	54.8	28.6	184	49.2	0.99533	1.02579	0.97888	-0.03624	-0.0263	0.04075
AME16158_B2	423	F1	1817.467	1.229	1.009	1.239	1.275	-0.92	-0.928	291.8	38.5	44.1	25.6	158.5	40.8	0.94568	1.04365	1.01067	-0.04344	-0.09778	0.04216
AME16158_B1	423	F1	2700.218	1.239	1.028	1.273	1.302	-0.774	-0.797	281.1	35.8	93.5	54	188.5	3.7	0.91507	1.07469	1.01023	-0.03147	-0.10349	0.02202
AME16158_C1	423	F1	181.254	1.136	1.055	1.199	1.205	-0.407	-0.444	328.3	10.2	198	74.4	60.4	11.7	1.05373	0.97136	0.97492	-0.07844	-0.02098	0.01475
AME16158_C2	423	F1	5122.617	1.21	1.198	1.45	1.45	-0.027	-0.12	288.3	30.9	46.4	38.2	172	36.5	0.89692	1.12065	0.98243	-0.03091	-0.09754	0.10577
AME16158_D1	423	F1	832.4933	1.05	1.137	1.194	1.201	0.449	0.413	300	23.7	135.3	65.5	32.6	5.7	0.94793	1.02092	1.03115	-0.0742	-0.02298	-0.00087
AME16159_A1	423	F1	39.81758	1.085	1.095	1.188	1.188	0.053	0.01	291.5	65.6	101.5	24.1	193.2	3.8	0.92064	1.0087	1.07066	-0.02409	-0.02849	0.01728
AME16159_B1	423	F1	75.28104	1.037	1.032	1.07	1.071	-0.076	-0.093	298	53.4	104.7	35.9	199.4	6.4	0.97365	1.00486	1.02149	-0.01505	-0.0146	0.01158
AME16159_C1	423	F1	48.63915	1.008	1.033	1.042	1.044	0.614	0.607	308.9	4.2	90.2	84.6	218.7	3.4	0.99153	1.00032	1.00816	-0.01977	0.00075	0.00188
AME16159_D1	423	F1	80.12993	1.01	1.06	1.071	1.076	0.697	0.688	348.5	69.4	137.8	17.9	231	9.9	0.99481	0.98205	1.02314	-0.02743	0.00681	0.00948
AME16160_A1	423	F1	7145.976	1.055	1.053	1.111	1.111	-0.014	-0.04	239.6	83.4	130.9	2.1	40.6	6.3	0.96996	0.97789	1.05215	-0.02441	-0.00902	-0.00736
AME16160_A2	423	F1	7461.123	1.051	1.056	1.11	1.11	0.044	0.018	256.1	87.1	122.8	2	32.7	2.1	0.96323	0.9853	1.05148	-0.02399	-0.0035	-0.00222
AME16160_B1	423	F1	6294.851	1.036	1.082	1.121	1.124	0.386	0.362	226.8	80	118.6	3.2	28.1	9.5	0.95574	0.99763	1.04663	-0.03061	-0.01041	-0.0153
AME16160_B2	423	F1	6104.651	1.028	1.073	1.103	1.106	0.442	0.422	270.4	74	121.5	13.8	29.5	8	0.96245	0.99935	1.0382	-0.02903	-0.01209	-0.00819
AME16160_C1	423	F1	6787.848	1.048	1.065	1.116	1.117	0.152	0.125	158	73.3	306	14.3	38.2	8.5	0.97071	0.9821	1.04718	-0.03066	-0.00063	-0.01932
AME16160_C2	423	F1	6993.66	1.039	1.067	1.109	1.11	0.256	0.232	178.9	82.5	306.3	4.6	36.8	5.9	0.96836	0.98544	1.0462	-0.03013	-0.0038	-0.01033
AME16161_A1	423	F1	9624.677	1.065	1.163	1.239	1.246	0.408	0.363	125.9	83.1	289.1	6.6	19.4	2	0.89813	1.01038	1.09149	-0.04533	0.00488	-0.00942
AME16161_C1	423	F1	12661.82	1.025	1.134	1.162	1.175	0.674	0.653	317.9	72.2	118.5	16.9	210.2	5.6	0.94324	1.00264	1.05412	-0.05365	0.00094	0.01576
AME16161_C2	423	F1	11918.49	1.038	1.151	1.195	1.207	0.584	0.554	330.5	82.8	116.2	6	206.6	4.1	0.92472	1.00535	1.06994	-0.05437	0.00189	0.01279
AME16161_B1	423	F1	10764.45	1.031	1.17	1.206	1.223	0.678	0.652	125.6	78.7	301.1	11.3	31.2	0.9	0.92969	0.99995	1.07036	-0.06763	0.00376	-0.00554
AME16161_B2	423	F1	10200.67	1.033	1.154	1.191	1.205	0.633	0.606	271	82.6	123.8	6.2	33.3	3.9	0.93892	0.99384	1.06724	-0.06296	-0.00948	-0.00783
AME16162_A1	423	F1	1636.084	1.108	1.064	1.179	1.181	-0.247	-0.285	93.6	84.1	289.8	5.6	199.6	1.6	0.93176	0.97868	1.08956	-0.01879	0.01137	0.00091
AME16162_B1	423	F1	4693.704	1.125	1.272	1.432	1.442	0.343	0.263	42.9	75	289.4	6.1	198	13.7	0.84667	1.0148	1.13853	-0.05681	0.03756	0.0718
AME16162_B2	423	F1	2028.397	1.13	1.136	1.284	1.284	0.021	-0.042	340.7	67.7	142.4	21.3	234.9	6.4	0.97424	0.9196	1.10617	-0.06132	-0.00428	0.05061
AME16162_B3	423	F1	1559.027	1.094	1.022	1.118	1.126	-0.618	-0.635	16.5	78.9	120.5	2.7	211	10.8	0.96466	0.97113	1.06421	-0.00783	0.0069	0.01996
AME16162_C1	423	F1	1507.186	1.131	1.082	1.224	1.226	-0.219	-0.266	93.4	71.2	271.2	18.8	1.5	0.7	0.90756	0.99522	1.09722	-0.00267	0.03916	-0.00318
AME16164_A1	423	F1	9907.218	1.13	1.144	1.293	1.293	0.05	-0.014	234.7	46.5	122.3	20	16.5	36.8	0.94504	1.03321	1.02175	0.00697	-0.06994	-0.0952
AME16164_A2	423	F1	8915.645	1.171	1.06	1.241	1.25	-0.462	-0.504	226.3	46.4	121.8	13.5	20	40.5	0.97295	1.00056	1.02649	0.02907	-0.06857	-0.08191
AME16164_A3	423	F1	6391.573	1.08	1.142	1.233	1.236	0.265	0.216	241.7	46.3	144	7.3	47.2	42.8	0.99225	1.00856	0.99919	-0.01763	-0.08185	-0.06197
AME16164_B1	423	F1	7647.321	1.22	1.074	1.31	1.323	-0.471	-0.523	240.6	52.5	131.4	14.1	31.7	33.9	0.93802	0.99839	1.06359	0.01292	-0.10398	-0.0755
AME16164_B2	423	F1	7365.785	1.202	1.035	1.244	1.265	-0.688	-0.716	226.8	60.9	125.3	6.3	31.9	28.3	0.95026	0.96397	1.08576	0.01162	-0.06634	-0.06697
AME16164_C1	423	F1	11265.57	1.126	1.025	1.154	1.165	-0.661	-0.681	210.1	54.4	356.6	30.8	96.5	16	0.9977	0.95631	1.04599	0.02027	-0.03497	-0.04923
AME16164_C2	423	F1	7982.18	1.183	1.095	1.296	1.301	-0.296	-0.355	242.8	48.2	146.3	5.8	51.1	41.2	0.9667	1.00256	1.03074	0.00871	-0.11096	-0.06647
AME16165_A1	423	F1	6731.448	1.115	1.042	1.162	1.168	-0.446	-0.476	79.2	62	214.7	20.8	311.8	17.9	0.96088	0.97971	1.05941	0.0224	0.05415	0.00098
AME16165_A2	423	F1	6384.77	1.146	1.037	1.188	1.199	-0.583	-0.611	71.7	75.2	188.2	6.7	279.7	13.1	0.96441	0.94139	1.0942	0.00812	0.04046	0.00966
AME16165_B1	423	F1	6005.213	1.088	1.034	1.125	1.129	-0.431	-0.455	7.5	81.9	172.8	7.9	263.1	2	0.98318	0.95005	1.06677	-0.00364	0.00273	0.01216
AME16165_B2	423	F1	5520.32	1.039	1.049	1.089	1.089	0.113	0.092	319.4	32.6	183.9	48.1	65.3	23.2	1.01155	0.98184	1.00661	-0.0284	-0.0267	0.0063
AME16165_C1	423	F1	7660.794	1.074	1.013	1.088	1.095	-0.688	-0.699	192.3	79.4	81.9	3.8	351.2	9.9	0.97032	0.97995	1.04973	0.00239	-0.00248	-0.015
AME16165_C2	423	F1	7558.429	1.012	1.075	1.088	1.096	0.707	0.696	341.1	27.1	164.9	62.9	71.9	1.5	1.02165	0.9563	1.02205	-0.02407	-0.00345	0.00431
AME16165C3	423	F1	6822.91	1.102	1.012	1.116	1.127	-0.775	-0.785	244.2	83.3	40.7	6.1	131	2.7	0.96609	0.96526	1.06865	0.00641	-0.01076	-0.00463
AME16166_A2	423	F1	1740.542	1.073	1.022	1.096	1.101	-0.531	-0.547	222.9	53.4	102	20.9	0	28.6	0.98065	0.99496	1.0244	0.01271	-0.02335	-0.03388
AME16166_A1	423	F1	1967.181	1.055	1.023	1.079	1.082	-0.405	-0.421	204.8	35.5	7.5	53.2	108.8	8.3	1.01675	0.97605	1.0072	0.02039	-0.01384	-0.02243
AME16166_B1	423	F1	1962.763	1.069	1.029	1.1	1.103	-0.406	-0.426	216.7	54.4	64.4	32.3	325.9	13.2	0.98339	0.98647	1.03014	0.02316	-0.01589	-0.03092
AME16166_B2	423	F1	1554.202	1.044	1.018	1.063	1.065	-0.415	-0.428	199.6	47.5	298	7.6	34.8	41.5	1.00233	0.99026	1.00741	0.00169	-0.0123	-0.02777
AME16166_B3	423	F1	1045.167	1.073	1.021	1.096	1.101	-0.543	-0.559	219.1	54.4	314.1	3.5	46.6	35.4	0.99105	0.98531	1.02364	0.00518	-0.02855	-0.03312
AME16166_C1	423	F1	1495.804	1.055	1.018	1.073	1.077	-0.507	-0.52	224.1	52.5	315	0.7	45.5	37.5	0.99271	0.99186	1.01543	0.00462	-0.02406	-0.02456
AME16166_C2	423	F1	2191.763	1.045	1.03	1.076	1.076	-0.196	-0.213	214.5	45.8	89.6	29.1	340.9	30	0.9902	0.99943	1.01037	0.01674	-0.00848	-0.03001
AME16167_A1	423	F1	12452.51	1.036	1.076	1.115	1.117	0.344	0.32	281.5	73.2	127	15.2	35.1	6.9	0.9646	0.99121	1.04419	-0.03369	-0.01482	-0.00491
AME16167_A2	423	F1	15103.04	1.094	1.153	1.261	1.264	0.229	0.173	133	41.9	289.3	45.5	31.9	12.1	0.94482	1.00542	1.04976	-0.08394	0.01997	-0.05552
AME16167_B1	423	F1	9712.119	1.049	1.116	1.17	1.175	0.393	0.36	168.6	82.4	307.7	5.7	38.2	4.9	0.95477	0.97851	1.06673	-0.05115	-0.0043	-0.01343
AME16167_B2	423	F1	7717.516	1.046	1.077	1.126	1.128	0.245	0.217	271.6	82.9	132.7	5.4	42.3	4.6	0.9694	0.9769	1.0537	-0.03561	-0.00958	-0.00413
AME16167_C1	423	F1	7532.62	1.09	1.041	1.134	1.138	-0.366	-0.393	15.9	86.8	125.2	1	215.2	3	0.95794	0.97057	1.07149	-0.01804	0.0025	0.00634
AME16167_C2	423	F1	8478.947	1.082	1.047	1.133	1.134	-0.265	-0.293	35.7	85.1	137	1	227	4.8	0.96777	0.96445	1.06777	-0.02161	0.00677	0.00817
AME16168_A1	423	F1	17028.46	1.109	1.123	1.245	1.245	0.058	0.003	40.2	73.6	133.9	1.1	224.2	16.3	0.95356	0.95488	1.09156	-0.04605	0.0395	0.04357
AME16168_B1	423	F1	14272.28	1.057	1.123	1.187	1.191	0.352	0.314	109.8	75.8	312.4	13.1	221.2	5.3	0.95558	0.97291	1.07151	-0.05589	0.01971	0.003
AME16168_B2	423	F1	14275.44	1.056	1.145	1.209	1.216	0.428	0.388	163	84.2	316.1	5.1	46.3	2.6	0.96295	0.95637	1.08068	-0.06497	-0.00259	-0.00954
AME16168_B3	423	F1	18907.51	1.043	1.187	1.238	1.253	0.605	0.571	128	56.1	323	33	228.4	7	0.97398	0.95806	1.06796	-0.08666	0.03104	0.00035
AME16168_C1	423	F1	12102.1	1.083	1.082	1.171	1.171	-0.004	-0.044	36.1	73.4	135.1	2.7	225.9	16.4	0.96847	0.96424	1.0673	-0.03148	0.02793	0.03243
AME16168_D1	423	F1	9904.07	1.077	1.102	1.187	1.187	0.137	0.095	133.5	70.6	316.7	19.4	226.3	1	0.96495	0.96113	1.07392	-0.05079	0.01868	-0.01545
AME16168_D2	423	F1	7649.53	1.046	1.094	1.144	1.147	0.335	0.305	355.6	80.3	135.6	7.5	226.5	6.2	0.97404	0.96837	1.0576	-0.04306	0.00614	0.01408
AME16169_A1	423	F1	6581.132	1.039	1.148	1.192	1.204	0.567	0.537	118.2	47.8	306.2	41.9	212.6	4	0.94121	1.00651	1.05227	-0.06754	0.02256	-0.00162
AME16169_A2	423	F1	4764.715	1.079	1.114	1.203	1.204	0.172	0.127	355	88.8	147.5	1.1	237.6	0.6	0.97805	0.93417	1.08778	-0.04679	0.00071	0.00224
AME16169_B1	423	F1	6483.93	1.071	1.143	1.223	1.228	0.323	0.277	75.2	81	320.1	3.8	229.6	8.1	0.96615	0.94785	1.086	-0.06103	0.02431	0.01438
AME16169_B2	423	F1	6456.157	1.071	1.098	1.177	1.177	0.155	0.115	23.4	78.3	144.5	6.1	235.6	9.9	0.98072	0.94708	1.0722	-0.03974	0.01824	0.02164
AME16169_C1	423	F1	5931.052	1.079	1.12	1.208	1.21	0.199	0.153	49.4	74.7	148.3	2.4	239	15.1	0.98512	0.93867	1.07621	-0.04183	0.0386	0.02714
AME16169_C2	423	F1	6716.845	1.048	1.113	1.165	1.17	0.393	0.361	45.1	74.8	302.9	3.3	212	14.8	0.95065	0.99279	1.05657	-0.04164	0.02218	0.03023
AME16170_A1	423	F1	5319.051	1.055	1.248	1.317	1.339	0.612	0.568	81.1	72.9	255.6	17	346	1.6	0.85397	1.04313	1.10291	0.04966	0.01737	-0.00297
AME16170_A2	423	F1	4949.308	1.043	1.173	1.224	1.238	0.58	0.546	61.7	64.7	254.5	24.7	162.3	4.9	0.90007	1.02827	1.07166	0.04753	0.01129	0.02077
AME16170_B1	423	F1	6578.301	1.081	1.176	1.272	1.278	0.351	0.297	276.3	78.8	133.8	8.9	42.8	6.7	0.94197	0.95671	1.10133	-0.07578	-0.02783	-0.01132
AME16170_B2	423	F1	7652.281	1.094	1.29	1.411	1.429	0.48	0.412	293.7	72.2	138.7	16.3	46.6	7.1	0.93813	0.93111	1.13075	-0.11889	-0.0472	-0.00842
AME16170_C1	423	F1	12214.7	1.178	1.225	1.443	1.444	0.108	0.017	149.6	62.8	294.5	22.8	30.5	14.1	0.90115	0.96693	1.13192	-0.09208	0.01468	-0.0999
AME16170_C2	423	F1	6776.233	1.047	1.26	1.319	1.346	0.666	0.626	145.7	74.4	313.8	15.3	44.7	3.1	0.94853	0.94979	1.10168	-0.1102	-0.00088	-0.01906
AME16171_A1	423	F1	6232.887	1.053	1.021	1.075	1.077	-0.433	-0.448	321.5	46.2	187.8	33.5	80.1	24.7	1.00409	0.98297	1.01294	-0.01501	-0.02372	0.01914
AME16171_A2	423	F1	6123.245	1.088	1.023	1.113	1.12	-0.573	-0.591	324.4	46.9	79.7	21.8	186	35	0.99057	0.9921	1.01733	-0.02062	-0.02395	0.04542
AME16171_B1	423	F1	11114.76	1.03	1.044	1.076	1.076	0.187	0.169	121.7	7.7	277.1	81.5	31.2	3.5	0.9813	1.01421	1.0045	-0.03209	0.00209	-0.00432
AME16171_B2	423	F1	6356.838	1.055	1.031	1.088	1.09	-0.272	-0.292	337.9	43.5	184.9	43.2	81.5	13.9	1.01589	0.96811	1.016	-0.01425	-0.01728	0.02435
AME16171_C1	423	F1	7493.91	1.027	1.042	1.07	1.071	0.218	0.202	351.5	55.8	160.9	33.7	254.2	4.9	1.00993	0.96729	1.02278	-0.01181	0.0015	0.01338
AME16171_C2	423	F1	6390.977	1.022	1.048	1.071	1.073	0.377	0.362	336.8	70.4	158.9	19.6	68.6	0.6	1.00414	0.9682	1.02766	-0.01671	-0.00321	0.00614
AME16172_A1	423	F1	3557.786	1.011	1.063	1.075	1.081	0.703	0.694	190.2	42.3	20.7	47.3	285	5.2	1.01828	0.96078	1.02094	0.01601	0.00434	-0.00677
AME16172_A2	423	F1	3030.959	1.027	1.089	1.119	1.124	0.518	0.497	161.8	55.6	351.9	34	258.7	4.7	1.02328	0.93987	1.03685	-0.01858	0.01076	-0.01104
AME16172_B1	423	F1	3281.823	1.057	1.06	1.12	1.12	0.031	0.003	154.7	67.6	21	15.9	286.5	15.4	1.00252	0.95302	1.04446	0.01125	0.02246	-0.02213
AME16172_B2	423	F1	3442.726	1.05	1.086	1.141	1.142	0.256	0.225	26.3	72.5	190.7	16.9	282.1	4.4	1.00999	0.9346	1.05541	0.01813	0.01245	0.01175
AME16172_C1	423	F1	3633.991	1.034	1.058	1.094	1.095	0.264	0.243	136.5	59.9	32.2	8.1	297.7	28.7	1.00248	0.9778	1.01972	0.01331	0.03076	-0.02144
AME16172_D1	423	F1	2353.158	1.045	1.071	1.12	1.121	0.218	0.191	123.6	75.4	22.7	2.8	292	14.3	0.99921	0.95509	1.0457	0.02051	0.02407	-0.01213
AME16172_D2	423	F1	2744.907	1.042	1.069	1.114	1.115	0.231	0.205	72.1	78.6	204.4	7.8	295.5	8.4	0.99575	0.95722	1.04703	0.02514	0.01631	-0.00146
AME16173_A1	423	F1	2990.384	1.033	1.136	1.174	1.185	0.591	0.565	179.1	26.4	40.8	56.4	279.1	19.2	1.05449	0.92241	1.0231	0.01682	0.03816	-0.01977
AME16173_A2	423	F1	3005.043	1.076	1.136	1.222	1.225	0.269	0.223	156.7	35.2	33.2	38	273.3	32.5	1.0578	0.9369	1.0053	-0.01371	0.06916	-0.0365
AME16173_A3	423	F1	2611.477	1.06	1.117	1.183	1.187	0.308	0.27	181.8	28.1	45.3	53.6	283.7	21.1	1.05717	0.92803	1.01479	0.02269	0.03377	-0.03371
AME16173_B1	423	F1	3507.635	1.028	1.152	1.184	1.199	0.679	0.656	219.8	25.5	117.6	23.9	350.5	53.8	1.00333	1.04439	0.95227	0.01925	0.00375	-0.07296
AME16173_C1	423	F1	2674.151	1.048	1.15	1.205	1.214	0.5	0.465	189.6	64.7	94.8	2.3	3.7	25.1	0.92762	1.02815	1.04423	-0.0057	-0.00653	-0.07012
AME16173_D1	423	F1	3210.783	1.029	1.167	1.201	1.218	0.685	0.66	345.9	37	99.3	27.8	216.1	40.4	1.00139	1.01071	0.9879	-0.04561	0.03967	0.07354
AME16174_A1	423	F1	5152.023	1.108	1.043	1.155	1.16	-0.421	-0.451	196.6	21.1	296.2	23.5	69.3	57.6	1.06121	0.97554	0.96326	0.02142	-0.02712	-0.04043
AME16174_A2	423	F1	6117.73	1.064	1.079	1.147	1.148	0.102	0.068	196.8	16.4	287.8	3.3	28.8	73.3	1.05235	1.00663	0.94103	0.01376	-0.01469	-0.03417
AME16174_B1	423	F1	945.6949	1.068	1.039	1.11	1.111	-0.256	-0.28	161.4	43.9	295.1	35.7	44.7	25	1.00587	0.97849	1.01564	-0.02596	0.00053	-0.04187
AME16174_B2	423	F1	1144.683	1.01	1.078	1.088	1.097	0.766	0.758	188.5	36.5	295.3	21.3	49	45.8	1.01215	1.00091	0.98694	-0.01676	-0.02846	-0.02893
AME16174_C1	423	F1	2070.389	1.06	1.061	1.125	1.125	0.008	-0.022	170	28.3	261.3	2.4	355.7	61.6	1.03154	1.00047	0.96799	-0.00702	0.00616	-0.04887
AME16174_C2	423	F1	2364.065	1.047	1.077	1.127	1.128	0.237	0.209	163	27.5	270.7	30.3	39.3	46.9	1.02201	0.99795	0.98004	-0.02681	-0.01708	-0.04608
AME16175_A1	423	F1	6573.803	1.067	1.04	1.11	1.111	-0.249	-0.273	162.2	47.9	40.9	25.1	294.4	31.3	1.01282	0.97027	1.01691	0.00172	0.02548	-0.03847
AME16175_B1	423	F1	6914.019	1.072	1.015	1.089	1.095	-0.64	-0.652	143.1	26.5	238.3	10.2	347.6	61.3	1.01443	1.00165	0.98392	-0.02658	0.01835	-0.0288
AME16175_B2	423	F1	6103.851	1.075	1.039	1.117	1.119	-0.315	-0.339	137.9	37.8	241.6	16.9	350.8	47.3	0.99655	1.00782	0.99563	-0.02036	0.027	-0.0447
AME16175_C1	423	F1	5655.988	1.078	1.05	1.133	1.134	-0.211	-0.24	346.9	4	242.6	74.2	78	15.2	1.06127	0.95164	0.98709	-0.02597	-0.01298	0.00276
AME16175_C2	423	F1	5107.329	1.055	1.015	1.071	1.075	-0.553	-0.565	148.6	16	48.3	31.9	261.3	53.4	1.02318	0.99536	0.98146	-0.02296	0.01454	-0.01111
AME16176_A1	423	F1	5067.068	1.024	1.111	1.137	1.147	0.637	0.618	198.2	17.7	301.7	36.3	87.2	48.3	1.04591	0.98287	0.97122	0.0043	-0.05315	-0.00916
AME16176_B1	423	F1	4309.236	1.029	1.113	1.145	1.153	0.582	0.559	289.4	16.2	115.5	73.7	19.9	1.6	0.93596	1.03699	1.02705	-0.04166	-0.00845	-0.0002
AME16176_C1	423	F1	5068.213	1.009	1.075	1.084	1.093	0.789	0.781	268.1	56.4	84.4	33.5	175.6	1.7	0.95007	1.02308	1.02685	0.00559	-0.00419	0.00195
AME16176_C2	423	F1	5106.363	1.019	1.135	1.157	1.171	0.74	0.723	281.5	21.6	103	68.4	11.7	0.5	0.91719	1.04574	1.03707	-0.02782	-0.00684	0.00033
AME16176_D1	423	F1	4459.437	1.043	1.083	1.13	1.132	0.308	0.28	228.1	58.9	72.5	28.8	336.5	10.8	0.9536	1.00584	1.04056	0.03313	-0.00866	-0.02592
AME16178_A1	423	F1	3330.01	1.03	1.032	1.064	1.064	0.032	0.016	330.8	5.8	79.9	72.7	239.1	16.2	1.01554	0.98626	0.9982	-0.02548	0.0057	0.00698
AME16178_B1	423	F1	5547.721	1.053	1.052	1.108	1.108	-0.016	-0.041	17.7	30.9	287.5	0.3	197	59.1	1.02236	1.00113	0.97651	0.00776	0.01343	0.04293
AME16178_C1	423	F1	4396.967	1.045	1.023	1.069	1.07	-0.315	-0.33	330	10.5	73.9	52.3	232.3	35.7	1.01938	0.99414	0.98648	-0.02579	0.00442	0.01341
AME16178_D1	423	F1	3344.745	1.041	1.034	1.076	1.076	-0.095	-0.113	298	15.7	29.1	3.8	132.3	73.8	1.00441	1.02523	0.97036	-0.01434	-0.01577	0.01081
AME16178_D2	423	F1	3496.531	1.035	1.072	1.109	1.111	0.341	0.318	330.8	32.1	240.3	0.8	149	57.9	1.01594	1.01179	0.97227	-0.00225	-0.02341	0.03992
AME16180_A1	423	F1	2235.29	1.062	1.014	1.077	1.082	-0.615	-0.627	41.1	24	305.6	12.2	190.8	62.8	1.01044	1.00625	0.98331	0.02472	0.01595	0.02266
AME16180_B1	423	F1	2060.89	1.06	1.006	1.066	1.073	-0.826	-0.831	200.3	62.4	346.3	23.5	82.4	13.8	0.99322	0.97861	1.02817	0.00346	-0.00966	-0.02293
AME16180_C1	423	F1	2171.459	1.065	1.02	1.087	1.091	-0.519	-0.534	51.8	11.1	315	31.2	159.1	56.5	1.00352	1.0226	0.97388	0.03209	0.00639	0.01595
AME16180_D1	423	F1	1882.715	1.052	1.042	1.096	1.096	-0.105	-0.128	226.5	0.1	136.5	14	316.9	76	1.01929	1.02215	0.95856	0.02691	0.00634	-0.00692
AME16180_D2	423	F1	908.9222	1.049	1.032	1.082	1.083	-0.206	-0.225	36.1	2	126.6	12.1	296.8	77.7	1.02544	1.00983	0.96473	0.0237	0.00672	-0.0015
AME16181_A1	423	F1	10612.55	1.041	1.105	1.15	1.155	0.427	0.398	201.4	60.6	27.4	29.3	296	2.6	1.00856	0.9418	1.04964	0.04135	-0.00262	-0.01844
AME16181_B1	423	F1	5428.893	1.073	1.086	1.166	1.166	0.082	0.044	35.7	37.7	235.3	50.6	133.3	9.7	0.9959	0.97677	1.02733	0.06036	0.01104	0.03771
AME16181_C1	423	F1	8192.986	1.062	1.099	1.166	1.168	0.222	0.185	174.2	1.2	266.4	62.3	83.5	27.7	1.07015	0.93993	0.98992	-0.01424	-0.0369	-0.00544
AME16181_C2	423	F1	5831.434	1.049	1.127	1.181	1.187	0.43	0.395	165.5	1.8	261.1	72.2	74.9	17.7	1.06116	0.92772	1.01112	-0.03825	-0.0317	-0.01017
AME16181_D1	423	F1	9242.66	1.055	1.154	1.218	1.226	0.453	0.413	155.2	17.5	356.1	71.4	247.2	6.2	1.04913	0.92057	1.0303	-0.06817	0.02046	-0.0091
AME16182_A1	423	F1	4254.801	1.04	1.099	1.143	1.147	0.413	0.385	191.4	29.2	292.8	19.5	51.7	53.8	1.03453	0.9985	0.96697	-0.00953	-0.03772	-0.04409
AME16182_A2	423	F1	7320.933	1.072	1.098	1.177	1.178	0.15	0.11	338.8	1.5	247.3	44.3	70.3	45.7	1.06362	0.97644	0.95993	-0.03835	-0.04306	-0.01346
AME16182_B1	423	F1	8051.048	1.064	1.061	1.129	1.129	-0.018	-0.048	320.4	11.7	215.5	51.3	59.2	36.3	1.02442	0.99514	0.98043	-0.04646	-0.03171	-0.00439
AME16182_B2	423	F1	5953.904	1.025	1.106	1.134	1.142	0.604	0.584	321.8	17.2	218.4	37.1	71.8	47.9	1.03433	0.99324	0.97244	-0.02453	-0.05083	-0.00953
AME16182_C1	423	F1	4807.142	1.078	1.023	1.103	1.108	-0.538	-0.556	153.7	11.3	245.5	9.1	13.7	75.4	1.03981	0.99615	0.96405	-0.02972	0.00527	-0.01842
AME16182_C2	423	F1	5470.714	1.063	1.047	1.113	1.113	-0.147	-0.173	330.4	3.9	240.1	5.8	94.1	83	1.04105	1.00838	0.95057	-0.02672	-0.00738	0.00404
AME16184_A1	423	F1	6910.113	1.084	1.018	1.103	1.111	-0.636	-0.651	154.4	48.6	276.9	25.3	22.9	30.3	0.99668	0.98317	1.02016	-0.01864	0.01465	-0.04369
AME16184_A2	423	F1	8089.762	1.043	1.032	1.076	1.076	-0.152	-0.17	171.7	39.4	284.7	25.4	38.2	40	1.00986	0.98954	1.00059	-0.01233	-0.00623	-0.03257
AME16184_B1	423	F1	6465.926	1.03	1.043	1.074	1.074	0.183	0.165	205.5	32.6	109.2	9.7	4.7	55.6	1.00793	1.00774	0.98433	0.0071	-0.0074	-0.03138
AME16184_B2	423	F1	8042.642	1.045	1.033	1.08	1.08	-0.145	-0.164	166.5	36.2	266.3	13.2	13	50.7	1.01115	0.99675	0.99211	-0.00948	0.00145	-0.03613
AME16184_C1	423	F1	4465.823	1.043	1.036	1.081	1.081	-0.096	-0.115	243.6	11.9	48.7	77.7	153	3.1	0.97806	1.02317	0.99878	0.03032	-0.00867	-0.00225
AME16186_A1	423	F1	7284.604	1.048	1.092	1.144	1.147	0.305	0.274	141.1	15.1	39.3	37.3	249	48.8	1.03495	0.99777	0.96729	-0.03451	0.04713	0.00563
AME16186_B1	423	F1	6816.645	1.058	1.107	1.171	1.174	0.289	0.252	336.7	17.6	100.9	60.6	239.1	22.8	1.03613	0.96013	1.00374	-0.05604	0.02345	0.03351
AME16186_B2	423	F1	4854.821	1.077	1.165	1.254	1.259	0.347	0.297	339.2	26.4	116.8	56.1	239	19.7	1.04293	0.93592	1.02115	-0.0774	0.02816	0.05269
AME16186_C1	423	F1	6277.505	1.033	1.105	1.142	1.148	0.505	0.48	340.6	14.8	88.1	48.7	238.9	37.5	1.03293	0.97972	0.98735	-0.03695	0.03722	0.03209
AME16186_C2	423	F1	8984.554	1.045	1.174	1.226	1.239	0.572	0.537	150	4.1	55.7	46.2	243.9	43.5	1.05454	0.98207	0.9634	-0.0517	0.07037	0.03075
AME16189_A1	423	F1	917.1332	1.026	1.1	1.128	1.136	0.577	0.556	35.2	44.5	268.6	31.2	158.7	29.3	0.96987	1.01724	1.0129	0.03024	-0.00678	0.04769
AME16189_B1	423	F1	1064.352	1.021	1.071	1.093	1.098	0.539	0.523	260.6	0.8	351.4	44.7	169.8	45.2	0.98366	1.03485	0.98149	0.00919	-0.00623	0.03305
AME16189_B2	423	F1	907.4359	1.025	1.05	1.077	1.079	0.323	0.306	61.2	13.3	311	55.6	159.4	31.1	0.98212	1.02185	0.99604	0.02194	-0.00248	0.02277
AME16189_C1	423	F1	904.8183	1.029	1.078	1.11	1.113	0.451	0.43	300.8	55.3	183.3	17.7	83.2	28.7	1.01648	0.96585	1.01768	-0.01086	-0.04264	0.00337
AME16189_C2	423	F1	867.1846	1.04	1.052	1.094	1.094	0.125	0.103	177.6	22.8	283.3	32.8	59.5	48.2	1.03161	0.98679	0.9816	-0.01107	-0.02059	-0.02687
AME16189_D1	423	F1	807.193	1.021	1.092	1.114	1.122	0.622	0.605	161.2	35.1	284.1	37.7	44.1	32.9	1.00304	0.99379	1.00317	-0.03452	-0.02405	-0.03756
AME16191_A1	423	F1	64.19798	1.01	1.008	1.018	1.018	-0.107	-0.111	166.7	38.4	275.9	22.5	28.8	43.2	1.0019	0.99866	0.99944	-0.0032	-0.00081	-0.00831
AME16191_B1	423	F1	82.67728	1.038	1.059	1.1	1.1	0.206	0.183	149.1	18.9	240.1	3	338.9	70.8	1.026	1.01413	0.95987	-0.01322	0.01234	-0.0264
AME16191_C1	423	F1	159.1932	1.018	1.028	1.046	1.047	0.202	0.191	227.7	39	108.1	31.4	352.6	35.2	0.99021	1.00864	1.00115	0.0078	-0.00498	-0.0186
AME16191_D1	423	F1	184.1328	1.003	1.069	1.072	1.082	0.904	0.901	142.4	61	237.9	3	329.5	28.8	0.98379	1.00809	1.00813	0.02166	0.01496	-0.02507
AME16191_D2	423	F1	168.2702	1.002	1.044	1.046	1.053	0.919	0.918	144.2	49.3	234.3	0	324.3	40.7	0.99796	1.00558	0.99645	0.01134	0.01297	-0.01803
AME16192_A1	423	F1	4942.878	1.037	1.061	1.1	1.101	0.241	0.218	188.3	32.2	42	52.9	289	16.5	1.02721	0.96006	1.01273	0.02008	0.01243	-0.0216
AME16192_A2	423	F1	4737.603	1.048	1.052	1.102	1.102	0.036	0.012	187.4	33.7	41.3	51.2	289.1	16.9	1.02825	0.96073	1.01102	0.01817	0.0101	-0.02649
AME16192_B1	423	F1	4961.968	1.029	1.06	1.091	1.093	0.334	0.315	213.1	58.2	63.5	28.1	326.1	13.6	0.97782	0.9948	1.02738	0.02868	0.00001	-0.02194
AME16192_C1	423	F1	3740.231	1.044	1.048	1.094	1.094	0.037	0.014	200.4	58.4	82.2	16.2	344	26.3	0.9772	0.99912	1.02367	0.01369	-0.0019	-0.03595
AME16192_D1	423	F1	3473.018	1.031	1.052	1.085	1.086	0.246	0.227	199.6	62.5	68.9	18.7	332	19.3	0.97749	0.99715	1.02536	0.02045	0.00299	-0.02584
AME16192_D2	423	F1	3271.206	1.037	1.047	1.087	1.087	0.115	0.094	200.6	57.7	69.8	22.5	330.2	22	0.98265	0.99427	1.02308	0.0204	0.00186	-0.02956
AME16193_A1	423	F1	4727.752	1.032	1.084	1.118	1.122	0.438	0.415	188.2	38.6	49.5	43.3	297	22.1	1.02082	0.96236	1.01682	0.02999	0.02206	-0.02799
AME16193_A2	423	F1	6164.928	1.042	1.063	1.107	1.108	0.201	0.176	196.2	28.3	54.1	55.7	296.1	17.7	1.02538	0.96478	1.00984	0.03016	0.01067	-0.02439
AME16193_B1	423	F1	6583.508	1.045	1.066	1.113	1.114	0.182	0.156	241.4	48	102.2	34.2	356.9	21.2	0.95661	1.02095	1.02244	0.01133	-0.01858	-0.03155
AME16193_B2	423	F1	7136.716	1.024	1.099	1.126	1.133	0.595	0.576	238.6	53.5	98.1	29.7	356.7	19.2	0.94301	1.02853	1.02846	0.00865	-0.00845	-0.03476
AME16193_C1	423	F1	5435.566	1.036	1.071	1.11	1.112	0.317	0.293	191	22.1	71.4	50.6	295	30.8	1.03158	0.97065	0.99777	0.02485	0.02427	-0.025
AME16193_C2	423	F1	5637.261	1.028	1.091	1.122	1.127	0.513	0.491	170.2	40.7	47.5	32.1	293.7	32.7	1.02499	0.96881	1.00621	0.01931	0.03766	-0.02956
AME16202_A1	423	F1	2886.667	1.021	1.084	1.107	1.113	0.589	0.572	214.4	52.3	85.4	25.9	342.2	25.3	0.96611	1.01569	1.0182	0.0226	0.00349	-0.03769
AME16202_B1	423	F1	3806.547	1.059	1.102	1.168	1.17	0.259	0.222	177.8	47.3	271.2	3.1	4.1	42.5	0.98801	1.01118	1.00081	-0.00466	-0.00216	-0.07646
AME16202_C1	423	F1	3058.399	1.064	1.121	1.192	1.195	0.297	0.257	209.6	26.5	103.3	29.5	333.7	48.4	1.01528	1.01805	0.96666	0.04136	0.01129	-0.07102
AME16202_C2	423	F1	2235.818	1.015	1.089	1.106	1.114	0.701	0.689	214.3	30.7	105.3	28.8	341.4	45.4	0.99351	1.02219	0.9843	0.01778	0.00953	-0.04527
AME16202_D1	423	F1	3267.474	1.005	1.099	1.104	1.118	0.9	0.895	214.4	28.5	104	32.7	335.8	43.8	0.99177	1.02233	0.9859	0.01981	0.0177	-0.04394
AME16202_D2	423	F1	2907.492	1.055	1.047	1.104	1.104	-0.074	-0.099	227.5	27	115.2	36.6	344.3	41.4	0.9932	1.01834	0.98847	0.02803	-0.01024	-0.03616
AME16204_A1	423	F1	5311.851	1.012	1.064	1.077	1.083	0.673	0.663	355.2	28.9	114.1	41.2	242.3	35.2	1.01683	0.98437	0.9988	-0.01755	0.02504	0.01859
AME16204_A2	423	F1	3343.458	1.037	1.079	1.119	1.121	0.35	0.326	157.7	7.4	53.7	61.7	251.6	27.2	1.03789	0.96478	0.99733	-0.03052	0.03028	0.00504
AME16204_B1	423	F1	3736.94	1.016	1.08	1.097	1.105	0.658	0.644	141.9	31.9	22.3	38.4	258.1	35.4	1.02491	0.97612	0.99897	-0.01587	0.03946	0.0016
AME16204_B2	423	F1	3740.333	1.017	1.075	1.093	1.099	0.62	0.607	160.8	3.8	63.6	62.3	252.8	27.4	1.02836	0.96871	1.00293	-0.02113	0.02801	0.00747
AME16204_C1	423	F1	4065.791	1.035	1.054	1.091	1.091	0.205	0.184	132.2	17.5	25.7	41.8	239.3	43	1.01262	1.00269	0.98469	-0.02801	0.0295	0.00623
AME16204_C2	423	F1	4486.937	1.027	1.087	1.116	1.122	0.518	0.498	138.8	18.2	37.8	30	255.6	53.9	1.03025	1.00223	0.96752	-0.01904	0.04294	0.00356
AME16205_A1	423	F1	2197.567	1.068	1.049	1.12	1.12	-0.155	-0.182	9.4	80.7	269.7	1.6	179.5	9.2	0.94959	0.99315	1.05726	0.00068	0.00167	0.01783
AME16205_B1	423	F1	619.2285	1.045	1.011	1.056	1.059	-0.611	-0.62	152.9	65.3	265.1	9.9	359.2	22.4	0.98604	0.99036	1.02361	-0.00301	0.00768	-0.01857
AME16205_B2	423	F1	797.575	1.011	1.069	1.081	1.088	0.723	0.713	251.1	37.4	83.1	52	345.6	5.9	0.95777	1.02052	1.02172	0.01791	-0.00337	-0.00822
AME16205_C1	423	F1	888.5517	1.048	1.041	1.091	1.091	-0.078	-0.099	165.3	42.4	303	39	52.8	22.7	1.00935	0.97754	1.01311	-0.02253	-0.00512	-0.03162
AME16205_C2	423	F1	578.8329	1.025	1.046	1.072	1.073	0.301	0.285	164.5	38.9	306.7	44.3	57.4	19.9	1.00908	0.97974	1.01117	-0.02166	-0.00878	-0.01931
AME16206_A1	423	F1	1126.86	1.087	1.049	1.14	1.142	-0.277	-0.307	110.6	48.5	201.5	0.8	292.2	41.5	0.98752	0.99763	1.01485	-0.00349	0.06102	-0.02358
AME16206_A2	423	F1	3517.444	1.109	1.063	1.179	1.182	-0.259	-0.297	104.2	51.8	206.1	9.2	303	36.7	0.97491	0.99597	1.02911	0.00727	0.07417	-0.02811
AME16202_B1	423	F1	2482.635	1.06	1.046	1.109	1.109	-0.132	-0.158	178	12.6	67.2	57.8	275.1	29.1	1.05117	0.96171	0.98713	0.00096	0.01885	-0.01434
AME16202_B2	423	F1	2922.569	1.043	1.1	1.147	1.151	0.383	0.354	185.9	22.6	66.8	49.5	290.7	31.6	1.04483	0.95795	0.99722	0.02595	0.03691	-0.0301
AME16206_C1	423	F1	621.7211	1.04	1.044	1.085	1.085	0.042	0.021	172.2	38.2	69.2	16	321.1	47.4	1.01326	0.99347	0.99327	0.00606	0.01571	-0.03553
AME16206_D1	423	F1	792.5014	1.056	1.09	1.151	1.152	0.222	0.188	158.9	34.8	48.7	26.5	290.3	43.6	1.0369	0.97538	0.98772	0.00132	0.04846	-0.03919
AME16208_A1	423	F1	2077.493	1.025	1.097	1.124	1.131	0.578	0.559	207.3	31.5	104.7	19.6	347.9	51.6	1.00295	1.02386	0.97319	0.01463	0.00395	-0.05286
AME16208_B1	423	F1	2001.929	1.04	1.088	1.132	1.135	0.368	0.341	198.3	38	90.3	21.5	337.8	44.2	1.0003	1.01038	0.98932	0.02224	0.00936	-0.05666
AME16208_B2	423	F1	1849.95	1.008	1.094	1.104	1.116	0.829	0.821	245.2	9.4	148.6	34.4	348.4	54	0.99874	1.03234	0.96892	0.00927	0.00722	-0.04185
AME16208_C1	423	F1	1253.52	1.052	1.055	1.11	1.11	0.03	0.004	202.5	21.6	108.2	10.7	353.5	65.6	1.0297	1.00662	0.96368	0.01693	-0.00461	-0.03609
AME16208_C2	423	F1	594.0306	1.045	1.052	1.1	1.1	0.069	0.046	221.6	28.7	109.9	34.1	341.7	42.4	0.99651	1.01417	0.98932	0.02538	-0.00493	-0.03775
AME16209_A1	423	F1	1457.783	1.009	1.073	1.083	1.091	0.774	0.766	143.2	34.9	32.3	27.1	273.8	43	1.0239	0.98535	0.99075	-0.00049	0.03717	-0.00578
AME16209_B1	423	F1	1605.155	1.039	1.074	1.116	1.118	0.294	0.269	351.5	6.7	91.7	56.5	257.2	32.7	1.04581	0.96401	0.99017	-0.01637	0.02995	0.01153
AME16209_B2	423	F1	831.8434	1.009	1.083	1.092	1.102	0.803	0.795	344.8	5	80.2	47.4	250.2	42.2	1.02637	0.98572	0.98791	-0.01587	0.03634	0.01386
AME16209_C1	423	F1	1279.215	1.05	1.086	1.14	1.142	0.259	0.229	77.6	52	174	5	267.8	37.5	1.01073	0.97782	1.01145	0.00207	0.06245	0.00668
AME16209_C2	423	F1	1435.766	1.033	1.048	1.082	1.083	0.182	0.163	153.8	19.2	47.5	38.8	264.1	45	1.02767	0.98739	0.98494	-0.014	0.02727	-0.00679
AME16211_A1	423	F1	2182.488	1.043	1.152	1.202	1.212	0.541	0.508	207.2	44.9	112.1	5.1	17	44.6	0.98519	1.02926	0.98555	-0.01021	-0.03003	-0.08472
AME16211_A2	423	F1	2856.464	1.063	1.118	1.189	1.192	0.293	0.253	203.6	44.5	294	0.4	24.5	45.5	0.99799	1.01062	0.99139	-0.00801	-0.03509	-0.0782
AME16211_B1	423	F1	3341.314	1.114	1.159	1.292	1.293	0.155	0.093	174.6	26.6	25.7	59.6	271.5	13.5	1.09879	0.87779	1.02342	-0.00516	0.03576	-0.04673
AME16211_B2	423	F1	2927.626	1.116	1.16	1.295	1.297	0.149	0.086	171.9	18.4	37.7	64.5	267.7	17.1	1.11058	0.88238	1.00704	-0.0199	0.04399	-0.0332
AME16211_C1	423	F1	3532.939	1.099	1.146	1.26	1.261	0.179	0.123	188.1	7.4	88.5	52	283.7	37	1.10149	0.934	0.96451	0.03251	0.05819	-0.0273
AME16211_C2	423	F1	4499.806	1.093	1.229	1.344	1.354	0.397	0.334	203.5	11.5	86.8	65.6	298	21.2	1.07299	0.9162	1.01081	0.10319	0.04983	-0.04769